1.00000e-02 1.15326e+01 
1.00154e-02 1.15187e+01 
1.00307e-02 1.15063e+01 
1.00462e-02 1.14936e+01 
1.00616e-02 1.14814e+01 
1.00770e-02 1.14673e+01 
1.00925e-02 1.14541e+01 
1.01080e-02 1.14425e+01 
1.01236e-02 1.14295e+01 
1.01391e-02 1.14163e+01 
1.01547e-02 1.14046e+01 
1.01703e-02 1.13911e+01 
1.01859e-02 1.13794e+01 
1.02016e-02 1.13657e+01 
1.02172e-02 1.13533e+01 
1.02329e-02 1.13409e+01 
1.02486e-02 1.13284e+01 
1.02644e-02 1.13153e+01 
1.02802e-02 1.13041e+01 
1.02959e-02 1.12915e+01 
1.03118e-02 1.12782e+01 
1.03276e-02 1.12665e+01 
1.03435e-02 1.12549e+01 
1.03594e-02 1.12416e+01 
1.03753e-02 1.12296e+01 
1.03912e-02 1.12176e+01 
1.04072e-02 1.12053e+01 
1.04232e-02 1.11930e+01 
1.04392e-02 1.11804e+01 
1.04552e-02 1.11694e+01 
1.04713e-02 1.11565e+01 
1.04874e-02 1.11454e+01 
1.05035e-02 1.11324e+01 
1.05196e-02 1.11208e+01 
1.05358e-02 1.11090e+01 
1.05520e-02 1.10971e+01 
1.05682e-02 1.10853e+01 
1.05844e-02 1.10734e+01 
1.06007e-02 1.10610e+01 
1.06169e-02 1.10503e+01 
1.06333e-02 1.10378e+01 
1.06496e-02 1.10270e+01 
1.06659e-02 1.10144e+01 
1.06823e-02 1.10030e+01 
1.06987e-02 1.09916e+01 
1.07152e-02 1.09801e+01 
1.07316e-02 1.09686e+01 
1.07481e-02 1.09571e+01 
1.07646e-02 1.09454e+01 
1.07812e-02 1.09332e+01 
1.07977e-02 1.09228e+01 
1.08143e-02 1.09106e+01 
1.08309e-02 1.08996e+01 
1.08476e-02 1.08890e+01 
1.08642e-02 1.08766e+01 
1.08809e-02 1.08654e+01 
1.08976e-02 1.08541e+01 
1.09144e-02 1.08424e+01 
1.09311e-02 1.08324e+01 
1.09479e-02 1.08210e+01 
1.09648e-02 1.08090e+01 
1.09816e-02 1.07989e+01 
1.09985e-02 1.07868e+01 
1.10154e-02 1.07760e+01 
1.10323e-02 1.07652e+01 
1.10492e-02 1.07544e+01 
1.10662e-02 1.07435e+01 
1.10832e-02 1.07326e+01 
1.11002e-02 1.07216e+01 
1.11173e-02 1.07101e+01 
1.11344e-02 1.07002e+01 
1.11515e-02 1.06886e+01 
1.11686e-02 1.06787e+01 
1.11858e-02 1.06669e+01 
1.12029e-02 1.06564e+01 
1.12202e-02 1.06459e+01 
1.12374e-02 1.06353e+01 
1.12547e-02 1.06246e+01 
1.12719e-02 1.06140e+01 
1.12893e-02 1.06027e+01 
1.13066e-02 1.05933e+01 
1.13240e-02 1.05823e+01 
1.13414e-02 1.05709e+01 
1.13588e-02 1.05608e+01 
1.13762e-02 1.05506e+01 
1.13937e-02 1.05404e+01 
1.14112e-02 1.05302e+01 
1.14288e-02 1.05198e+01 
1.14463e-02 1.05095e+01 
1.14639e-02 1.04990e+01 
1.14815e-02 1.04885e+01 
1.14991e-02 1.04775e+01 
1.15168e-02 1.04678e+01 
1.15345e-02 1.04584e+01 
1.15522e-02 1.04472e+01 
1.15700e-02 1.04373e+01 
1.15877e-02 1.04273e+01 
1.16055e-02 1.04174e+01 
1.16234e-02 1.04072e+01 
1.16412e-02 1.03971e+01 
1.16591e-02 1.03865e+01 
1.16770e-02 1.03776e+01 
1.16950e-02 1.03673e+01 
1.17129e-02 1.03564e+01 
1.17309e-02 1.03469e+01 
1.17489e-02 1.03374e+01 
1.17670e-02 1.03281e+01 
1.17851e-02 1.03170e+01 
1.18032e-02 1.03068e+01 
1.18213e-02 1.02983e+01 
1.18395e-02 1.02884e+01 
1.18576e-02 1.02786e+01 
1.18759e-02 1.02681e+01 
1.18941e-02 1.02593e+01 
1.19124e-02 1.02486e+01 
1.19307e-02 1.02394e+01 
1.19490e-02 1.02300e+01 
1.19674e-02 1.02206e+01 
1.19857e-02 1.02113e+01 
1.20042e-02 1.02017e+01 
1.20226e-02 1.01922e+01 
1.20411e-02 1.01825e+01 
1.20596e-02 1.01725e+01 
1.20781e-02 1.01640e+01 
1.20966e-02 1.01539e+01 
1.21152e-02 1.01454e+01 
1.21338e-02 1.01350e+01 
1.21525e-02 1.01258e+01 
1.21711e-02 1.01168e+01 
1.21898e-02 1.01075e+01 
1.22086e-02 1.00982e+01 
1.22273e-02 1.00889e+01 
1.22461e-02 1.00791e+01 
1.22649e-02 1.00709e+01 
1.22838e-02 1.00611e+01 
1.23026e-02 1.00528e+01 
1.23215e-02 1.00428e+01 
1.23405e-02 1.00340e+01 
1.23594e-02 1.00252e+01 
1.23784e-02 1.00167e+01 
1.23974e-02 1.00061e+01 
1.24165e-02 9.99839e+00 
1.24355e-02 9.98939e+00 
1.24546e-02 9.98025e+00 
1.24738e-02 9.97066e+00 
1.24929e-02 9.96278e+00 
1.25121e-02 9.95301e+00 
1.25314e-02 9.94462e+00 
1.25506e-02 9.93658e+00 
1.25699e-02 9.92665e+00 
1.25892e-02 9.91802e+00 
1.26085e-02 9.90935e+00 
1.26279e-02 9.90054e+00 
1.26473e-02 9.89136e+00 
1.26667e-02 9.88387e+00 
1.26862e-02 9.87482e+00 
1.27057e-02 9.86541e+00 
1.27252e-02 9.85737e+00 
1.27447e-02 9.84958e+00 
1.27643e-02 9.84002e+00 
1.27839e-02 9.83166e+00 
1.28036e-02 9.82325e+00 
1.28232e-02 9.81494e+00 
1.28429e-02 9.80643e+00 
1.28627e-02 9.79779e+00 
1.28824e-02 9.78886e+00 
1.29022e-02 9.78143e+00 
1.29220e-02 9.77240e+00 
1.29419e-02 9.76487e+00 
1.29618e-02 9.75567e+00 
1.29817e-02 9.74772e+00 
1.30016e-02 9.74011e+00 
1.30216e-02 9.73060e+00 
1.30416e-02 9.72197e+00 
1.30616e-02 9.71512e+00 
1.30817e-02 9.70684e+00 
1.31018e-02 9.69844e+00 
1.31219e-02 9.68968e+00 
1.31421e-02 9.68255e+00 
1.31623e-02 9.67369e+00 
1.31825e-02 9.66638e+00 
1.32027e-02 9.65734e+00 
1.32230e-02 9.64955e+00 
1.32433e-02 9.64171e+00 
1.32637e-02 9.63381e+00 
1.32841e-02 9.62579e+00 
1.33045e-02 9.61772e+00 
1.33249e-02 9.60930e+00 
1.33454e-02 9.60248e+00 
1.33659e-02 9.59427e+00 
1.33864e-02 9.58562e+00 
1.34070e-02 9.57821e+00 
1.34276e-02 9.57118e+00 
1.34482e-02 9.56239e+00 
1.34689e-02 9.55475e+00 
1.34895e-02 9.54713e+00 
1.35103e-02 9.53939e+00 
1.35310e-02 9.53159e+00 
1.35518e-02 9.52338e+00 
1.35726e-02 9.51682e+00 
1.35935e-02 9.50888e+00 
1.36144e-02 9.50038e+00 
1.36353e-02 9.49330e+00 
1.36562e-02 9.48653e+00 
1.36772e-02 9.47796e+00 
1.36982e-02 9.47059e+00 
1.37192e-02 9.46323e+00 
1.37403e-02 9.45583e+00 
1.37614e-02 9.44831e+00 
1.37826e-02 9.44067e+00 
1.38037e-02 9.43269e+00 
1.38250e-02 9.42626e+00 
1.38462e-02 9.41818e+00 
1.38675e-02 9.41165e+00 
1.38888e-02 9.40340e+00 
1.39101e-02 9.39648e+00 
1.39315e-02 9.38987e+00 
1.39529e-02 9.38142e+00 
1.39743e-02 9.37428e+00 
1.39958e-02 9.36688e+00 
1.40173e-02 9.35922e+00 
1.40388e-02 9.35322e+00 
1.40604e-02 9.34575e+00 
1.40820e-02 9.33795e+00 
1.41036e-02 9.33173e+00 
1.41253e-02 9.32384e+00 
1.41470e-02 9.31745e+00 
1.41687e-02 9.30939e+00 
1.41905e-02 9.30249e+00 
1.42123e-02 9.29554e+00 
1.42341e-02 9.28861e+00 
1.42560e-02 9.28157e+00 
1.42779e-02 9.27440e+00 
1.42998e-02 9.26691e+00 
1.43218e-02 9.26092e+00 
1.43438e-02 9.25334e+00 
1.43658e-02 9.24738e+00 
1.43879e-02 9.23964e+00 
1.44100e-02 9.23352e+00 
1.44321e-02 9.22562e+00 
1.44543e-02 9.21892e+00 
1.44765e-02 9.21224e+00 
1.44987e-02 9.20545e+00 
1.45210e-02 9.19854e+00 
1.45433e-02 9.19124e+00 
1.45656e-02 9.18568e+00 
1.45880e-02 9.17871e+00 
1.46104e-02 9.17128e+00 
1.46329e-02 9.16537e+00 
1.46554e-02 9.15772e+00 
1.46779e-02 9.15138e+00 
1.47004e-02 9.14499e+00 
1.47230e-02 9.13856e+00 
1.47456e-02 9.13208e+00 
1.47683e-02 9.12556e+00 
1.47910e-02 9.11899e+00 
1.48137e-02 9.11244e+00 
1.48364e-02 9.10571e+00 
1.48592e-02 9.09854e+00 
1.48821e-02 9.09294e+00 
1.49049e-02 9.08574e+00 
1.49278e-02 9.08004e+00 
1.49507e-02 9.07262e+00 
1.49737e-02 9.06643e+00 
1.49967e-02 9.06019e+00 
1.50198e-02 9.05392e+00 
1.50428e-02 9.04765e+00 
1.50659e-02 9.04121e+00 
1.50891e-02 9.03467e+00 
1.51123e-02 9.02775e+00 
1.51355e-02 9.02243e+00 
1.51587e-02 9.01548e+00 
1.51820e-02 9.01008e+00 
1.52053e-02 9.00291e+00 
1.52287e-02 8.99696e+00 
1.52521e-02 8.99109e+00 
1.52755e-02 8.98550e+00 
1.52990e-02 8.97804e+00 
1.53225e-02 8.97145e+00 
1.53460e-02 8.96664e+00 
1.53696e-02 8.96042e+00 
1.53932e-02 8.95408e+00 
1.54169e-02 8.94732e+00 
1.54405e-02 8.94226e+00 
1.54643e-02 8.93542e+00 
1.54880e-02 8.93020e+00 
1.55118e-02 8.92314e+00 
1.55356e-02 8.91739e+00 
1.55595e-02 8.91160e+00 
1.55834e-02 8.90576e+00 
1.56073e-02 8.89987e+00 
1.56313e-02 8.89389e+00 
1.56553e-02 8.88785e+00 
1.56794e-02 8.88133e+00 
1.57035e-02 8.87656e+00 
1.57276e-02 8.87033e+00 
1.57518e-02 8.86362e+00 
1.57760e-02 8.85827e+00 
1.58002e-02 8.85324e+00 
1.58245e-02 8.84635e+00 
1.58488e-02 8.84080e+00 
1.58731e-02 8.83520e+00 
1.58975e-02 8.82950e+00 
1.59219e-02 8.82376e+00 
1.59464e-02 8.81785e+00 
1.59709e-02 8.81159e+00 
1.59954e-02 8.80703e+00 
1.60200e-02 8.80106e+00 
1.60446e-02 8.79467e+00 
1.60692e-02 8.78986e+00 
1.60939e-02 8.78327e+00 
1.61187e-02 8.77782e+00 
1.61434e-02 8.77250e+00 
1.61682e-02 8.76709e+00 
1.61931e-02 8.76157e+00 
1.62179e-02 8.75613e+00 
1.62428e-02 8.75058e+00 
1.62678e-02 8.74488e+00 
1.62928e-02 8.73877e+00 
1.63178e-02 8.73439e+00 
1.63429e-02 8.72856e+00 
1.63680e-02 8.72226e+00 
1.63931e-02 8.71727e+00 
1.64183e-02 8.71260e+00 
1.64435e-02 8.70611e+00 
1.64688e-02 8.70088e+00 
1.64941e-02 8.69565e+00 
1.65194e-02 8.69033e+00 
1.65448e-02 8.68496e+00 
1.65702e-02 8.67950e+00 
1.65957e-02 8.67351e+00 
1.66212e-02 8.66923e+00 
1.66467e-02 8.66334e+00 
1.66723e-02 8.65897e+00 
1.66979e-02 8.65288e+00 
1.67236e-02 8.64838e+00 
1.67492e-02 8.64220e+00 
1.67750e-02 8.63714e+00 
1.68007e-02 8.63214e+00 
1.68266e-02 8.62705e+00 
1.68524e-02 8.62198e+00 
1.68783e-02 8.61674e+00 
1.69042e-02 8.61147e+00 
1.69302e-02 8.60575e+00 
1.69562e-02 8.60175e+00 
1.69822e-02 8.59629e+00 
1.70083e-02 8.59034e+00 
1.70345e-02 8.58569e+00 
1.70606e-02 8.58147e+00 
1.70868e-02 8.57539e+00 
1.71131e-02 8.57051e+00 
1.71394e-02 8.56564e+00 
1.71657e-02 8.56079e+00 
1.71921e-02 8.55579e+00 
1.72185e-02 8.55080e+00 
1.72449e-02 8.54566e+00 
1.72714e-02 8.54013e+00 
1.72980e-02 8.53619e+00 
1.73245e-02 8.53058e+00 
1.73511e-02 8.52661e+00 
1.73778e-02 8.52087e+00 
1.74045e-02 8.51676e+00 
1.74312e-02 8.51083e+00 
1.74580e-02 8.50619e+00 
1.74848e-02 8.50150e+00 
1.75117e-02 8.49672e+00 
1.75386e-02 8.49190e+00 
1.75655e-02 8.48703e+00 
1.75925e-02 8.48168e+00 
1.76195e-02 8.47805e+00 
1.76466e-02 8.47302e+00 
1.76737e-02 8.46755e+00 
1.77009e-02 8.46369e+00 
1.77281e-02 8.45804e+00 
1.77553e-02 8.45381e+00 
1.77826e-02 8.44978e+00 
1.78099e-02 8.44401e+00 
1.78372e-02 8.43950e+00 
1.78647e-02 8.43485e+00 
1.78921e-02 8.43015e+00 
1.79196e-02 8.42508e+00 
1.79471e-02 8.42169e+00 
1.79747e-02 8.41694e+00 
1.80023e-02 8.41209e+00 
1.80299e-02 8.40681e+00 
1.80576e-02 8.40311e+00 
1.80854e-02 8.39760e+00 
1.81132e-02 8.39338e+00 
1.81410e-02 8.38923e+00 
1.81689e-02 8.38537e+00 
1.81968e-02 8.37977e+00 
1.82247e-02 8.37534e+00 
1.82527e-02 8.37076e+00 
1.82808e-02 8.36583e+00 
1.83088e-02 8.36265e+00 
1.83370e-02 8.35807e+00 
1.83651e-02 8.35340e+00 
1.83934e-02 8.34821e+00 
1.84216e-02 8.34471e+00 
1.84499e-02 8.33939e+00 
1.84783e-02 8.33534e+00 
1.85066e-02 8.33141e+00 
1.85351e-02 8.32771e+00 
1.85635e-02 8.32230e+00 
1.85921e-02 8.31800e+00 
1.86206e-02 8.31375e+00 
1.86492e-02 8.30931e+00 
1.86779e-02 8.30447e+00 
1.87066e-02 8.30135e+00 
1.87353e-02 8.29685e+00 
1.87641e-02 8.29190e+00 
1.87929e-02 8.28861e+00 
1.88218e-02 8.28359e+00 
1.88507e-02 8.28012e+00 
1.88797e-02 8.27492e+00 
1.89087e-02 8.27090e+00 
1.89377e-02 8.26695e+00 
1.89668e-02 8.26291e+00 
1.89959e-02 8.25883e+00 
1.90251e-02 8.25473e+00 
1.90543e-02 8.25058e+00 
1.90836e-02 8.24624e+00 
1.91129e-02 8.24155e+00 
1.91423e-02 8.23851e+00 
1.91717e-02 8.23406e+00 
1.92011e-02 8.22916e+00 
1.92306e-02 8.22554e+00 
1.92602e-02 8.22224e+00 
1.92898e-02 8.21714e+00 
1.93194e-02 8.21330e+00 
1.93491e-02 8.20948e+00 
1.93788e-02 8.20556e+00 
1.94086e-02 8.20162e+00 
1.94384e-02 8.19769e+00 
1.94683e-02 8.19363e+00 
1.94982e-02 8.18947e+00 
1.95281e-02 8.18492e+00 
1.95581e-02 8.18203e+00 
1.95882e-02 8.17768e+00 
1.96183e-02 8.17288e+00 
1.96484e-02 8.16947e+00 
1.96786e-02 8.16628e+00 
1.97088e-02 8.16138e+00 
1.97391e-02 8.15767e+00 
1.97694e-02 8.15391e+00 
1.97998e-02 8.15018e+00 
1.98302e-02 8.14636e+00 
1.98607e-02 8.14246e+00 
1.98912e-02 8.13847e+00 
1.99217e-02 8.13415e+00 
1.99523e-02 8.13144e+00 
1.99830e-02 8.12731e+00 
2.00137e-02 8.12274e+00 
2.00444e-02 8.11982e+00 
2.00752e-02 8.11509e+00 
2.01060e-02 8.11166e+00 
2.01369e-02 8.10830e+00 
2.01679e-02 8.10516e+00 
2.01989e-02 8.10024e+00 
2.02299e-02 8.09658e+00 
2.02610e-02 8.09279e+00 
2.02921e-02 8.08867e+00 
2.03233e-02 8.08619e+00 
2.03545e-02 8.08239e+00 
2.03857e-02 8.07846e+00 
2.04171e-02 8.07407e+00 
2.04484e-02 8.07129e+00 
2.04798e-02 8.06683e+00 
2.05113e-02 8.06360e+00 
2.05428e-02 8.06073e+00 
2.05744e-02 8.05603e+00 
2.06060e-02 8.05265e+00 
2.06376e-02 8.04924e+00 
2.06693e-02 8.04575e+00 
2.07011e-02 8.04223e+00 
2.07329e-02 8.03867e+00 
2.07647e-02 8.03503e+00 
2.07966e-02 8.03126e+00 
2.08286e-02 8.02704e+00 
2.08606e-02 8.02451e+00 
2.08926e-02 8.02026e+00 
2.09247e-02 8.01761e+00 
2.09569e-02 8.01321e+00 
2.09891e-02 8.01011e+00 
2.10213e-02 8.00735e+00 
2.10536e-02 8.00281e+00 
2.10859e-02 7.99952e+00 
2.11183e-02 7.99615e+00 
2.11508e-02 7.99275e+00 
2.11833e-02 7.98927e+00 
2.12158e-02 7.98570e+00 
2.12484e-02 7.98173e+00 
2.12810e-02 7.97947e+00 
2.13137e-02 7.97576e+00 
2.13465e-02 7.97161e+00 
2.13793e-02 7.96906e+00 
2.14121e-02 7.96484e+00 
2.14450e-02 7.96190e+00 
2.14779e-02 7.95925e+00 
2.15109e-02 7.95485e+00 
2.15440e-02 7.95163e+00 
2.15771e-02 7.94843e+00 
2.16102e-02 7.94518e+00 
2.16434e-02 7.94182e+00 
2.16767e-02 7.93839e+00 
2.17100e-02 7.93455e+00 
2.17433e-02 7.93242e+00 
2.17767e-02 7.92884e+00 
2.18102e-02 7.92487e+00 
2.18437e-02 7.92251e+00 
2.18772e-02 7.91847e+00 
2.19109e-02 7.91597e+00 
2.19445e-02 7.91173e+00 
2.19782e-02 7.90875e+00 
2.20120e-02 7.90569e+00 
2.20458e-02 7.90264e+00 
2.20797e-02 7.89956e+00 
2.21136e-02 7.89641e+00 
2.21476e-02 7.89323e+00 
2.21816e-02 7.89001e+00 
2.22157e-02 7.88663e+00 
2.22498e-02 7.88286e+00 
2.22840e-02 7.88077e+00 
2.23182e-02 7.87725e+00 
2.23525e-02 7.87326e+00 
2.23868e-02 7.87058e+00 
2.24212e-02 7.86822e+00 
2.24557e-02 7.86406e+00 
2.24902e-02 7.86116e+00 
2.25247e-02 7.85826e+00 
2.25593e-02 7.85530e+00 
2.25940e-02 7.85231e+00 
2.26287e-02 7.84932e+00 
2.26634e-02 7.84626e+00 
2.26982e-02 7.84313e+00 
2.27331e-02 7.83985e+00 
2.27680e-02 7.83622e+00 
2.28030e-02 7.83423e+00 
2.28380e-02 7.83081e+00 
2.28731e-02 7.82692e+00 
2.29083e-02 7.82433e+00 
2.29435e-02 7.82208e+00 
2.29787e-02 7.81807e+00 
2.30140e-02 7.81529e+00 
2.30494e-02 7.81244e+00 
2.30848e-02 7.80960e+00 
2.31202e-02 7.80677e+00 
2.31557e-02 7.80387e+00 
2.31913e-02 7.80090e+00 
2.32269e-02 7.79786e+00 
2.32626e-02 7.79470e+00 
2.32984e-02 7.79114e+00 
2.33342e-02 7.78925e+00 
2.33700e-02 7.78596e+00 
2.34059e-02 7.78218e+00 
2.34419e-02 7.77970e+00 
2.34779e-02 7.77757e+00 
2.35139e-02 7.77366e+00 
2.35501e-02 7.77096e+00 
2.35862e-02 7.76827e+00 
2.36225e-02 7.76552e+00 
2.36588e-02 7.76278e+00 
2.36951e-02 7.75996e+00 
2.37315e-02 7.75712e+00 
2.37680e-02 7.75417e+00 
2.38045e-02 7.75114e+00 
2.38410e-02 7.74770e+00 
2.38777e-02 7.74593e+00 
2.39143e-02 7.74277e+00 
2.39511e-02 7.73906e+00 
2.39879e-02 7.73669e+00 
2.40247e-02 7.73471e+00 
2.40616e-02 7.73087e+00 
2.40986e-02 7.72829e+00 
2.41356e-02 7.72572e+00 
2.41727e-02 7.72309e+00 
2.42098e-02 7.72047e+00 
2.42470e-02 7.71778e+00 
2.42843e-02 7.71503e+00 
2.43216e-02 7.71224e+00 
2.43589e-02 7.70942e+00 
2.43964e-02 7.70642e+00 
2.44338e-02 7.70306e+00 
2.44714e-02 7.70123e+00 
2.45090e-02 7.69778e+00 
2.45466e-02 7.69593e+00 
2.45843e-02 7.69235e+00 
2.46221e-02 7.69004e+00 
2.46599e-02 7.68807e+00 
2.46978e-02 7.68429e+00 
2.47357e-02 7.68177e+00 
2.47737e-02 7.67923e+00 
2.48118e-02 7.67663e+00 
2.48499e-02 7.67399e+00 
2.48881e-02 7.67126e+00 
2.49263e-02 7.66845e+00 
2.49646e-02 7.66525e+00 
2.50030e-02 7.66368e+00 
2.50414e-02 7.66075e+00 
2.50798e-02 7.65740e+00 
2.51184e-02 7.65562e+00 
2.51569e-02 7.65214e+00 
2.51956e-02 7.64995e+00 
2.52343e-02 7.64808e+00 
2.52731e-02 7.64441e+00 
2.53119e-02 7.64198e+00 
2.53508e-02 7.63952e+00 
2.53897e-02 7.63707e+00 
2.54287e-02 7.63456e+00 
2.54678e-02 7.63199e+00 
2.55069e-02 7.62935e+00 
2.55461e-02 7.62657e+00 
2.55853e-02 7.62344e+00 
2.56246e-02 7.62189e+00 
2.56640e-02 7.61865e+00 
2.57034e-02 7.61705e+00 
2.57429e-02 7.61375e+00 
2.57825e-02 7.61202e+00 
2.58221e-02 7.60856e+00 
2.58617e-02 7.60646e+00 
2.59015e-02 7.60462e+00 
2.59413e-02 7.60101e+00 
2.59811e-02 7.59864e+00 
2.60210e-02 7.59625e+00 
2.60610e-02 7.59380e+00 
2.61010e-02 7.59128e+00 
2.61411e-02 7.58866e+00 
2.61813e-02 7.58560e+00 
2.62215e-02 7.58427e+00 
2.62618e-02 7.58154e+00 
2.63021e-02 7.57841e+00 
2.63425e-02 7.57688e+00 
2.63830e-02 7.57363e+00 
2.64235e-02 7.57201e+00 
2.64641e-02 7.56859e+00 
2.65048e-02 7.56644e+00 
2.65455e-02 7.56437e+00 
2.65863e-02 7.56258e+00 
2.66271e-02 7.55903e+00 
2.66680e-02 7.55666e+00 
2.67090e-02 7.55423e+00 
2.67500e-02 7.55174e+00 
2.67911e-02 7.54881e+00 
2.68323e-02 7.54758e+00 
2.68735e-02 7.54498e+00 
2.69148e-02 7.54198e+00 
2.69561e-02 7.54067e+00 
2.69975e-02 7.53792e+00 
2.70390e-02 7.53467e+00 
2.70805e-02 7.53276e+00 
2.71221e-02 7.53120e+00 
2.71638e-02 7.52781e+00 
2.72055e-02 7.52576e+00 
2.72473e-02 7.52372e+00 
2.72892e-02 7.52199e+00 
2.73311e-02 7.51847e+00 
2.73731e-02 7.51614e+00 
2.74151e-02 7.51371e+00 
2.74573e-02 7.51086e+00 
2.74994e-02 7.50980e+00 
2.75417e-02 7.50734e+00 
2.75840e-02 7.50475e+00 
2.76264e-02 7.50177e+00 
2.76688e-02 7.50040e+00 
2.77113e-02 7.49734e+00 
2.77539e-02 7.49588e+00 
2.77965e-02 7.49267e+00 
2.78392e-02 7.49080e+00 
2.78820e-02 7.48920e+00 
2.79248e-02 7.48585e+00 
2.79677e-02 7.48374e+00 
2.80107e-02 7.48157e+00 
2.80537e-02 7.47941e+00 
2.80968e-02 7.47715e+00 
2.81400e-02 7.47484e+00 
2.81832e-02 7.47243e+00 
2.82265e-02 7.46965e+00 
2.82699e-02 7.46851e+00 
2.83133e-02 7.46600e+00 
2.83568e-02 7.46308e+00 
2.84003e-02 7.46179e+00 
2.84440e-02 7.45876e+00 
2.84877e-02 7.45732e+00 
2.85314e-02 7.45421e+00 
2.85753e-02 7.45235e+00 
2.86192e-02 7.45084e+00 
2.86631e-02 7.44752e+00 
2.87071e-02 7.44548e+00 
2.87512e-02 7.44338e+00 
2.87954e-02 7.44122e+00 
2.88397e-02 7.43898e+00 
2.88840e-02 7.43668e+00 
2.89283e-02 7.43400e+00 
2.89728e-02 7.43297e+00 
2.90173e-02 7.43067e+00 
2.90619e-02 7.42818e+00 
2.91065e-02 7.42532e+00 
2.91512e-02 7.42405e+00 
2.91960e-02 7.42109e+00 
2.92408e-02 7.41974e+00 
2.92858e-02 7.41656e+00 
2.93308e-02 7.41473e+00 
2.93758e-02 7.41290e+00 
2.94209e-02 7.41143e+00 
2.94661e-02 7.40811e+00 
2.95114e-02 7.40602e+00 
2.95567e-02 7.40391e+00 
2.96021e-02 7.40167e+00 
2.96476e-02 7.39905e+00 
2.96932e-02 7.39812e+00 
2.97388e-02 7.39589e+00 
2.97845e-02 7.39351e+00 
2.98302e-02 7.39073e+00 
2.98760e-02 7.38958e+00 
2.99219e-02 7.38670e+00 
2.99679e-02 7.38547e+00 
3.00139e-02 7.38255e+00 
3.00600e-02 7.38117e+00 
3.01062e-02 7.37802e+00 
3.01525e-02 7.37614e+00 
3.01988e-02 7.37423e+00 
3.02452e-02 7.37228e+00 
3.02916e-02 7.37033e+00 
3.03382e-02 7.36833e+00 
3.03848e-02 7.36631e+00 
3.04315e-02 7.36421e+00 
3.04782e-02 7.36211e+00 
3.05250e-02 7.35993e+00 
3.05719e-02 7.35761e+00 
3.06189e-02 7.35487e+00 
3.06659e-02 7.35377e+00 
3.07130e-02 7.35096e+00 
3.07602e-02 7.34979e+00 
3.08075e-02 7.34691e+00 
3.08548e-02 7.34563e+00 
3.09022e-02 7.34255e+00 
3.09497e-02 7.34075e+00 
3.09972e-02 7.33895e+00 
3.10448e-02 7.33720e+00 
3.10925e-02 7.33572e+00 
3.11403e-02 7.33243e+00 
3.11881e-02 7.33033e+00 
3.12360e-02 7.32783e+00 
3.12840e-02 7.32704e+00 
3.13321e-02 7.32492e+00 
3.13802e-02 7.32271e+00 
3.14284e-02 7.32007e+00 
3.14767e-02 7.31913e+00 
3.15251e-02 7.31674e+00 
3.15735e-02 7.31398e+00 
3.16220e-02 7.31279e+00 
3.16706e-02 7.30987e+00 
3.17192e-02 7.30825e+00 
3.17679e-02 7.30700e+00 
3.18167e-02 7.30390e+00 
3.18656e-02 7.30207e+00 
3.19146e-02 7.30020e+00 
3.19636e-02 7.29833e+00 
3.20127e-02 7.29642e+00 
3.20619e-02 7.29448e+00 
3.21111e-02 7.29249e+00 
3.21605e-02 7.29040e+00 
3.22099e-02 7.28823e+00 
3.22594e-02 7.28563e+00 
3.23089e-02 7.28477e+00 
3.23585e-02 7.28248e+00 
3.24082e-02 7.27973e+00 
3.24580e-02 7.27864e+00 
3.25079e-02 7.27574e+00 
3.25578e-02 7.27423e+00 
3.26079e-02 7.27299e+00 
3.26579e-02 7.27000e+00 
3.27081e-02 7.26826e+00 
3.27584e-02 7.26650e+00 
3.28087e-02 7.26481e+00 
3.28591e-02 7.26338e+00 
3.29096e-02 7.26007e+00 
3.29601e-02 7.25768e+00 
3.30108e-02 7.25699e+00 
3.30615e-02 7.25499e+00 
3.31123e-02 7.25292e+00 
3.31631e-02 7.25077e+00 
3.32141e-02 7.24816e+00 
3.32651e-02 7.24717e+00 
3.33162e-02 7.24452e+00 
3.33674e-02 7.24348e+00 
3.34186e-02 7.24076e+00 
3.34700e-02 7.23962e+00 
3.35214e-02 7.23672e+00 
3.35729e-02 7.23518e+00 
3.36245e-02 7.23392e+00 
3.36761e-02 7.23088e+00 
3.37278e-02 7.22911e+00 
3.37797e-02 7.22727e+00 
3.38315e-02 7.22543e+00 
3.38835e-02 7.22352e+00 
3.39356e-02 7.22153e+00 
3.39877e-02 7.21944e+00 
3.40399e-02 7.21697e+00 
3.40922e-02 7.21620e+00 
3.41446e-02 7.21400e+00 
3.41970e-02 7.21142e+00 
3.42496e-02 7.21045e+00 
3.43022e-02 7.20779e+00 
3.43549e-02 7.20674e+00 
3.44077e-02 7.20400e+00 
3.44605e-02 7.20286e+00 
3.45134e-02 7.19993e+00 
3.45665e-02 7.19827e+00 
3.46196e-02 7.19659e+00 
3.46727e-02 7.19497e+00 
3.47260e-02 7.19360e+00 
3.47794e-02 7.19038e+00 
3.48328e-02 7.18808e+00 
3.48863e-02 7.18749e+00 
3.49399e-02 7.18560e+00 
3.49936e-02 7.18366e+00 
3.50473e-02 7.18164e+00 
3.51012e-02 7.17947e+00 
3.51551e-02 7.17691e+00 
3.52091e-02 7.17599e+00 
3.52632e-02 7.17337e+00 
3.53173e-02 7.17241e+00 
3.53716e-02 7.16968e+00 
3.54259e-02 7.16860e+00 
3.54804e-02 7.16570e+00 
3.55349e-02 7.16411e+00 
3.55895e-02 7.16259e+00 
3.56441e-02 7.16135e+00 
3.56989e-02 7.15834e+00 
3.57537e-02 7.15655e+00 
3.58087e-02 7.15471e+00 
3.58637e-02 7.15283e+00 
3.59188e-02 7.15082e+00 
3.59739e-02 7.14846e+00 
3.60292e-02 7.14779e+00 
3.60845e-02 7.14578e+00 
3.61400e-02 7.14364e+00 
3.61955e-02 7.14111e+00 
3.62511e-02 7.14020e+00 
3.63068e-02 7.13759e+00 
3.63626e-02 7.13659e+00 
3.64184e-02 7.13389e+00 
3.64744e-02 7.13278e+00 
3.65304e-02 7.12992e+00 
3.65865e-02 7.12831e+00 
3.66427e-02 7.12671e+00 
3.66990e-02 7.12515e+00 
3.67554e-02 7.12388e+00 
3.68119e-02 7.12082e+00 
3.68684e-02 7.11897e+00 
3.69250e-02 7.11702e+00 
3.69818e-02 7.11469e+00 
3.70386e-02 7.11406e+00 
3.70955e-02 7.11210e+00 
3.71525e-02 7.11005e+00 
3.72095e-02 7.10759e+00 
3.72667e-02 7.10680e+00 
3.73239e-02 7.10462e+00 
3.73813e-02 7.10200e+00 
3.74387e-02 7.10099e+00 
3.74962e-02 7.09824e+00 
3.75538e-02 7.09681e+00 
3.76115e-02 7.09568e+00 
3.76693e-02 7.09278e+00 
3.77272e-02 7.09114e+00 
3.77851e-02 7.08949e+00 
3.78432e-02 7.08783e+00 
3.79013e-02 7.08617e+00 
3.79595e-02 7.08476e+00 
3.80178e-02 7.08121e+00 
3.80762e-02 7.08067e+00 
3.81347e-02 7.07880e+00 
3.81933e-02 7.07684e+00 
3.82520e-02 7.07479e+00 
3.83108e-02 7.07234e+00 
3.83696e-02 7.07159e+00 
3.84285e-02 7.06944e+00 
3.84876e-02 7.06682e+00 
3.85467e-02 7.06584e+00 
3.86059e-02 7.06312e+00 
3.86652e-02 7.06175e+00 
3.87246e-02 7.06068e+00 
3.87841e-02 7.05787e+00 
3.88437e-02 7.05636e+00 
3.89034e-02 7.05517e+00 
3.89631e-02 7.05221e+00 
3.90230e-02 7.05046e+00 
3.90829e-02 7.04868e+00 
3.91430e-02 7.04683e+00 
3.92031e-02 7.04488e+00 
3.92633e-02 7.04258e+00 
3.93236e-02 7.04198e+00 
3.93841e-02 7.04002e+00 
3.94446e-02 7.03795e+00 
3.95051e-02 7.03552e+00 
3.95658e-02 7.03474e+00 
3.96266e-02 7.03257e+00 
3.96875e-02 7.02997e+00 
3.97485e-02 7.02897e+00 
3.98095e-02 7.02624e+00 
3.98707e-02 7.02481e+00 
3.99319e-02 7.02371e+00 
3.99933e-02 7.02083e+00 
4.00547e-02 7.01923e+00 
4.01162e-02 7.01761e+00 
4.01779e-02 7.01602e+00 
4.02396e-02 7.01471e+00 
4.03014e-02 7.01157e+00 
4.03633e-02 7.00931e+00 
4.04253e-02 7.00878e+00 
4.04874e-02 7.00695e+00 
4.05496e-02 7.00505e+00 
4.06119e-02 7.00307e+00 
4.06743e-02 7.00098e+00 
4.07368e-02 6.99849e+00 
4.07994e-02 6.99760e+00 
4.08620e-02 6.99506e+00 
4.09248e-02 6.99412e+00 
4.09877e-02 6.99149e+00 
4.10506e-02 6.99047e+00 
4.11137e-02 6.98770e+00 
4.11769e-02 6.98625e+00 
4.12401e-02 6.98512e+00 
4.13035e-02 6.98219e+00 
4.13669e-02 6.98051e+00 
4.14305e-02 6.97882e+00 
4.14941e-02 6.97709e+00 
4.15579e-02 6.97533e+00 
4.16217e-02 6.97355e+00 
4.16856e-02 6.97171e+00 
4.17497e-02 6.96980e+00 
4.18138e-02 6.96777e+00 
4.18781e-02 6.96536e+00 
4.19424e-02 6.96465e+00 
4.20068e-02 6.96254e+00 
4.20714e-02 6.96000e+00 
4.21360e-02 6.95913e+00 
4.22007e-02 6.95654e+00 
4.22655e-02 6.95558e+00 
4.23305e-02 6.95293e+00 
4.23955e-02 6.95185e+00 
4.24606e-02 6.94903e+00 
4.25259e-02 6.94746e+00 
4.25912e-02 6.94597e+00 
4.26566e-02 6.94479e+00 
4.27221e-02 6.94182e+00 
4.27878e-02 6.94006e+00 
4.28535e-02 6.93831e+00 
4.29193e-02 6.93648e+00 
4.29853e-02 6.93460e+00 
4.30513e-02 6.93264e+00 
4.31174e-02 6.93029e+00 
4.31837e-02 6.92963e+00 
4.32500e-02 6.92763e+00 
4.33164e-02 6.92553e+00 
4.33830e-02 6.92299e+00 
4.34496e-02 6.92211e+00 
4.35164e-02 6.91951e+00 
4.35832e-02 6.91856e+00 
4.36502e-02 6.91589e+00 
4.37172e-02 6.91483e+00 
4.37844e-02 6.91198e+00 
4.38517e-02 6.91043e+00 
4.39190e-02 6.90895e+00 
4.39865e-02 6.90776e+00 
4.40541e-02 6.90478e+00 
4.41217e-02 6.90304e+00 
4.41895e-02 6.90130e+00 
4.42574e-02 6.89950e+00 
4.43254e-02 6.89765e+00 
4.43935e-02 6.89574e+00 
4.44617e-02 6.89373e+00 
4.45300e-02 6.89133e+00 
4.45984e-02 6.89063e+00 
4.46669e-02 6.88855e+00 
4.47355e-02 6.88607e+00 
4.48042e-02 6.88527e+00 
4.48731e-02 6.88305e+00 
4.49420e-02 6.88045e+00 
4.50111e-02 6.87941e+00 
4.50802e-02 6.87663e+00 
4.51494e-02 6.87522e+00 
4.52188e-02 6.87409e+00 
4.52883e-02 6.87118e+00 
4.53578e-02 6.86956e+00 
4.54275e-02 6.86793e+00 
4.54973e-02 6.86634e+00 
4.55672e-02 6.86507e+00 
4.56372e-02 6.86199e+00 
4.57073e-02 6.86011e+00 
4.57775e-02 6.85815e+00 
4.58478e-02 6.85579e+00 
4.59183e-02 6.85515e+00 
4.59888e-02 6.85319e+00 
4.60595e-02 6.85109e+00 
4.61302e-02 6.84864e+00 
4.62011e-02 6.84785e+00 
4.62721e-02 6.84566e+00 
4.63431e-02 6.84307e+00 
4.64143e-02 6.84209e+00 
4.64856e-02 6.83943e+00 
4.65571e-02 6.83833e+00 
4.66286e-02 6.83553e+00 
4.67002e-02 6.83404e+00 
4.67719e-02 6.83286e+00 
4.68438e-02 6.82989e+00 
4.69158e-02 6.82817e+00 
4.69878e-02 6.82645e+00 
4.70600e-02 6.82469e+00 
4.71323e-02 6.82290e+00 
4.72047e-02 6.82108e+00 
4.72772e-02 6.81923e+00 
4.73499e-02 6.81731e+00 
4.74226e-02 6.81536e+00 
4.74954e-02 6.81327e+00 
4.75684e-02 6.81080e+00 
4.76415e-02 6.81003e+00 
4.77147e-02 6.80784e+00 
4.77880e-02 6.80526e+00 
4.78614e-02 6.80431e+00 
4.79349e-02 6.80166e+00 
4.80085e-02 6.80065e+00 
4.80823e-02 6.79793e+00 
4.81562e-02 6.79680e+00 
4.82301e-02 6.79391e+00 
4.83042e-02 6.79231e+00 
4.83784e-02 6.79076e+00 
4.84528e-02 6.78949e+00 
4.85272e-02 6.78648e+00 
4.86017e-02 6.78470e+00 
4.86764e-02 6.78288e+00 
4.87512e-02 6.78102e+00 
4.88261e-02 6.77914e+00 
4.89011e-02 6.77719e+00 
4.89762e-02 6.77513e+00 
4.90514e-02 6.77269e+00 
4.91268e-02 6.77197e+00 
4.92023e-02 6.76991e+00 
4.92778e-02 6.76771e+00 
4.93535e-02 6.76511e+00 
4.94294e-02 6.76413e+00 
4.95053e-02 6.76148e+00 
4.95813e-02 6.76043e+00 
4.96575e-02 6.75769e+00 
4.97338e-02 6.75655e+00 
4.98102e-02 6.75366e+00 
4.98867e-02 6.75204e+00 
4.99633e-02 6.75047e+00 
5.00401e-02 6.74921e+00 
5.01170e-02 6.74615e+00 
5.01940e-02 6.74437e+00 
5.02711e-02 6.74254e+00 
5.03483e-02 6.74070e+00 
5.04256e-02 6.73882e+00 
5.05031e-02 6.73689e+00 
5.05807e-02 6.73490e+00 
5.06584e-02 6.73280e+00 
5.07362e-02 6.73034e+00 
5.08142e-02 6.72956e+00 
5.08922e-02 6.72746e+00 
5.09704e-02 6.72522e+00 
5.10487e-02 6.72258e+00 
5.11271e-02 6.72156e+00 
5.12057e-02 6.71884e+00 
5.12843e-02 6.71773e+00 
5.13631e-02 6.71488e+00 
5.14420e-02 6.71337e+00 
5.15210e-02 6.71218e+00 
5.16002e-02 6.70920e+00 
5.16794e-02 6.70753e+00 
5.17588e-02 6.70589e+00 
5.18383e-02 6.70458e+00 
5.19180e-02 6.70145e+00 
5.19977e-02 6.69960e+00 
5.20776e-02 6.69770e+00 
5.21576e-02 6.69575e+00 
5.22377e-02 6.69375e+00 
5.23180e-02 6.69164e+00 
5.23984e-02 6.68914e+00 
5.24789e-02 6.68836e+00 
5.25595e-02 6.68625e+00 
5.26402e-02 6.68402e+00 
5.27211e-02 6.68135e+00 
5.28021e-02 6.68034e+00 
5.28832e-02 6.67764e+00 
5.29644e-02 6.67656e+00 
5.30458e-02 6.67378e+00 
5.31273e-02 6.67260e+00 
5.32089e-02 6.66967e+00 
5.32906e-02 6.66810e+00 
5.33725e-02 6.66680e+00 
5.34545e-02 6.66374e+00 
5.35366e-02 6.66195e+00 
5.36189e-02 6.66010e+00 
5.37012e-02 6.65825e+00 
5.37837e-02 6.65638e+00 
5.38663e-02 6.65448e+00 
5.39491e-02 6.65255e+00 
5.40320e-02 6.65058e+00 
5.41150e-02 6.64856e+00 
5.41981e-02 6.64652e+00 
5.42814e-02 6.64439e+00 
5.43647e-02 6.64216e+00 
5.44483e-02 6.63949e+00 
5.45319e-02 6.63850e+00 
5.46157e-02 6.63582e+00 
5.46996e-02 6.63482e+00 
5.47836e-02 6.63240e+00 
5.48678e-02 6.62950e+00 
5.49521e-02 6.62794e+00 
5.50365e-02 6.62671e+00 
5.51210e-02 6.62376e+00 
5.52057e-02 6.62211e+00 
5.52905e-02 6.62076e+00 
5.53754e-02 6.61765e+00 
5.54605e-02 6.61577e+00 
5.55457e-02 6.61389e+00 
5.56310e-02 6.61198e+00 
5.57165e-02 6.61003e+00 
5.58021e-02 6.60805e+00 
5.58878e-02 6.60604e+00 
5.59737e-02 6.60398e+00 
5.60597e-02 6.60185e+00 
5.61458e-02 6.59962e+00 
5.62320e-02 6.59703e+00 
5.63184e-02 6.59609e+00 
5.64049e-02 6.59375e+00 
5.64916e-02 6.59102e+00 
5.65784e-02 6.58992e+00 
5.66653e-02 6.58712e+00 
5.67523e-02 6.58597e+00 
5.68395e-02 6.58310e+00 
5.69268e-02 6.58184e+00 
5.70143e-02 6.57882e+00 
5.71019e-02 6.57715e+00 
5.71896e-02 6.57578e+00 
5.72774e-02 6.57264e+00 
5.73654e-02 6.57074e+00 
5.74535e-02 6.56883e+00 
5.75418e-02 6.56688e+00 
5.76302e-02 6.56489e+00 
5.77187e-02 6.56290e+00 
5.78074e-02 6.56086e+00 
5.78962e-02 6.55877e+00 
5.79851e-02 6.55663e+00 
5.80742e-02 6.55437e+00 
5.81634e-02 6.55173e+00 
5.82528e-02 6.55079e+00 
5.83423e-02 6.54846e+00 
5.84319e-02 6.54574e+00 
5.85217e-02 6.54468e+00 
5.86116e-02 6.54224e+00 
5.87016e-02 6.53938e+00 
5.87918e-02 6.53811e+00 
5.88821e-02 6.53511e+00 
5.89726e-02 6.53342e+00 
5.90631e-02 6.53206e+00 
5.91539e-02 6.52892e+00 
5.92448e-02 6.52705e+00 
5.93358e-02 6.52520e+00 
5.94269e-02 6.52339e+00 
5.95182e-02 6.52187e+00 
5.96096e-02 6.51856e+00 
5.97012e-02 6.51645e+00 
5.97929e-02 6.51427e+00 
5.98848e-02 6.51169e+00 
5.99768e-02 6.51085e+00 
6.00689e-02 6.50869e+00 
6.01612e-02 6.50647e+00 
6.02536e-02 6.50414e+00 
6.03462e-02 6.50142e+00 
6.04389e-02 6.50038e+00 
6.05317e-02 6.49795e+00 
6.06247e-02 6.49511e+00 
6.07178e-02 6.49388e+00 
6.08111e-02 6.49097e+00 
6.09045e-02 6.48967e+00 
6.09981e-02 6.48661e+00 
6.10918e-02 6.48488e+00 
6.11857e-02 6.48348e+00 
6.12796e-02 6.48033e+00 
6.13738e-02 6.47843e+00 
6.14681e-02 6.47661e+00 
6.15625e-02 6.47508e+00 
6.16571e-02 6.47176e+00 
6.17518e-02 6.46969e+00 
6.18466e-02 6.46758e+00 
6.19417e-02 6.46539e+00 
6.20368e-02 6.46312e+00 
6.21321e-02 6.46048e+00 
6.22276e-02 6.45953e+00 
6.23232e-02 6.45726e+00 
6.24189e-02 6.45487e+00 
6.25148e-02 6.45210e+00 
6.26108e-02 6.45101e+00 
6.27070e-02 6.44853e+00 
6.28033e-02 6.44563e+00 
6.28998e-02 6.44436e+00 
6.29964e-02 6.44140e+00 
6.30932e-02 6.44003e+00 
6.31901e-02 6.43693e+00 
6.32872e-02 6.43514e+00 
6.33844e-02 6.43370e+00 
6.34818e-02 6.43046e+00 
6.35793e-02 6.42849e+00 
6.36770e-02 6.42653e+00 
6.37748e-02 6.42462e+00 
6.38728e-02 6.42300e+00 
6.39709e-02 6.41959e+00 
6.40692e-02 6.41739e+00 
6.41676e-02 6.41509e+00 
6.42662e-02 6.41242e+00 
6.43649e-02 6.41148e+00 
6.44638e-02 6.40921e+00 
6.45628e-02 6.40689e+00 
6.46620e-02 6.40444e+00 
6.47613e-02 6.40162e+00 
6.48608e-02 6.40048e+00 
6.49604e-02 6.39791e+00 
6.50602e-02 6.39495e+00 
6.51602e-02 6.39358e+00 
6.52603e-02 6.39047e+00 
6.53605e-02 6.38871e+00 
6.54609e-02 6.38728e+00 
6.55615e-02 6.38408e+00 
6.56622e-02 6.38223e+00 
6.57631e-02 6.38068e+00 
6.58641e-02 6.37736e+00 
6.59653e-02 6.37528e+00 
6.60666e-02 6.37319e+00 
6.61681e-02 6.37106e+00 
6.62698e-02 6.36892e+00 
6.63716e-02 6.36674e+00 
6.64735e-02 6.36455e+00 
6.65757e-02 6.36229e+00 
6.66779e-02 6.36002e+00 
6.67804e-02 6.35766e+00 
6.68829e-02 6.35520e+00 
6.69857e-02 6.35234e+00 
6.70886e-02 6.35118e+00 
6.71917e-02 6.34863e+00 
6.72949e-02 6.34565e+00 
6.73983e-02 6.34431e+00 
6.75018e-02 6.34130e+00 
6.76055e-02 6.33990e+00 
6.77093e-02 6.33680e+00 
6.78134e-02 6.33528e+00 
6.79175e-02 6.33202e+00 
6.80219e-02 6.33003e+00 
6.81264e-02 6.32810e+00 
6.82310e-02 6.32648e+00 
6.83358e-02 6.32308e+00 
6.84408e-02 6.32094e+00 
6.85460e-02 6.31875e+00 
6.86513e-02 6.31654e+00 
6.87567e-02 6.31432e+00 
6.88623e-02 6.31205e+00 
6.89681e-02 6.30973e+00 
6.90741e-02 6.30736e+00 
6.91802e-02 6.30487e+00 
6.92865e-02 6.30199e+00 
6.93929e-02 6.30082e+00 
6.94995e-02 6.29826e+00 
6.96063e-02 6.29531e+00 
6.97132e-02 6.29404e+00 
6.98203e-02 6.29137e+00 
6.99276e-02 6.28826e+00 
7.00350e-02 6.28677e+00 
7.01426e-02 6.28354e+00 
7.02503e-02 6.28164e+00 
7.03582e-02 6.28006e+00 
7.04663e-02 6.27673e+00 
7.05746e-02 6.27467e+00 
7.06830e-02 6.27265e+00 
7.07916e-02 6.27096e+00 
7.09003e-02 6.26748e+00 
7.10092e-02 6.26524e+00 
7.11183e-02 6.26297e+00 
7.12276e-02 6.26066e+00 
7.13370e-02 6.25832e+00 
7.14466e-02 6.25592e+00 
7.15563e-02 6.25341e+00 
7.16663e-02 6.25053e+00 
7.17764e-02 6.24935e+00 
7.18866e-02 6.24684e+00 
7.19971e-02 6.24420e+00 
7.21077e-02 6.24114e+00 
7.22184e-02 6.23973e+00 
7.23294e-02 6.23662e+00 
7.24405e-02 6.23514e+00 
7.25518e-02 6.23197e+00 
7.26632e-02 6.23042e+00 
7.27748e-02 6.22710e+00 
7.28866e-02 6.22512e+00 
7.29986e-02 6.22345e+00 
7.31107e-02 6.22002e+00 
7.32231e-02 6.21783e+00 
7.33355e-02 6.21568e+00 
7.34482e-02 6.21355e+00 
7.35610e-02 6.21173e+00 
7.36740e-02 6.20812e+00 
7.37872e-02 6.20571e+00 
7.39006e-02 6.20320e+00 
7.40141e-02 6.20033e+00 
7.41278e-02 6.19919e+00 
7.42417e-02 6.19671e+00 
7.43557e-02 6.19419e+00 
7.44700e-02 6.19153e+00 
7.45844e-02 6.18849e+00 
7.46989e-02 6.18715e+00 
7.48137e-02 6.18440e+00 
7.49286e-02 6.18124e+00 
7.50437e-02 6.17971e+00 
7.51590e-02 6.17647e+00 
7.52745e-02 6.17483e+00 
7.53901e-02 6.17146e+00 
7.55059e-02 6.16940e+00 
7.56219e-02 6.16766e+00 
7.57381e-02 6.16414e+00 
7.58544e-02 6.16188e+00 
7.59709e-02 6.15960e+00 
7.60877e-02 6.15728e+00 
7.62045e-02 6.15495e+00 
7.63216e-02 6.15258e+00 
7.64389e-02 6.15019e+00 
7.65563e-02 6.14778e+00 
7.66739e-02 6.14532e+00 
7.67917e-02 6.14283e+00 
7.69096e-02 6.14026e+00 
7.70278e-02 6.13758e+00 
7.71461e-02 6.13452e+00 
7.72646e-02 6.13315e+00 
7.73833e-02 6.13037e+00 
7.75022e-02 6.12718e+00 
7.76213e-02 6.12563e+00 
7.77405e-02 6.12239e+00 
7.78599e-02 6.12078e+00 
7.79795e-02 6.11748e+00 
7.80993e-02 6.11577e+00 
7.82193e-02 6.11231e+00 
7.83395e-02 6.11019e+00 
7.84598e-02 6.10838e+00 
7.85803e-02 6.10479e+00 
7.87011e-02 6.10246e+00 
7.88220e-02 6.10014e+00 
7.89430e-02 6.09768e+00 
7.90643e-02 6.09514e+00 
7.91858e-02 6.09249e+00 
7.93074e-02 6.09011e+00 
7.94292e-02 6.08752e+00 
7.95513e-02 6.08500e+00 
7.96735e-02 6.08240e+00 
7.97959e-02 6.07986e+00 
7.99185e-02 6.07744e+00 
8.00412e-02 6.07482e+00 
8.01642e-02 6.07224e+00 
8.02873e-02 6.06975e+00 
8.04107e-02 6.06720e+00 
8.05342e-02 6.06458e+00 
8.06579e-02 6.06202e+00 
8.07818e-02 6.05957e+00 
8.09059e-02 6.05689e+00 
8.10302e-02 6.05445e+00 
8.11547e-02 6.05179e+00 
8.12794e-02 6.04918e+00 
8.14042e-02 6.04668e+00 
8.15293e-02 6.04412e+00 
8.16545e-02 6.04149e+00 
8.17800e-02 6.03893e+00 
8.19056e-02 6.03630e+00 
8.20314e-02 6.03375e+00 
8.21574e-02 6.03113e+00 
8.22836e-02 6.02860e+00 
8.24100e-02 6.02602e+00 
8.25366e-02 6.02335e+00 
8.26634e-02 6.02073e+00 
8.27904e-02 6.01825e+00 
8.29176e-02 6.01550e+00 
8.30450e-02 6.01302e+00 
8.31726e-02 6.01032e+00 
8.33003e-02 6.00767e+00 
8.34283e-02 6.00511e+00 
8.35564e-02 6.00251e+00 
8.36848e-02 5.99982e+00 
8.38134e-02 5.99718e+00 
8.39421e-02 5.99468e+00 
8.40711e-02 5.99195e+00 
8.42002e-02 5.98927e+00 
8.43296e-02 5.98668e+00 
8.44591e-02 5.98401e+00 
8.45889e-02 5.98142e+00 
8.47188e-02 5.97880e+00 
8.48490e-02 5.97609e+00 
8.49793e-02 5.97347e+00 
8.51098e-02 5.97077e+00 
8.52406e-02 5.96814e+00 
8.53715e-02 5.96545e+00 
8.55027e-02 5.96284e+00 
8.56340e-02 5.96019e+00 
8.57656e-02 5.95745e+00 
8.58973e-02 5.95480e+00 
8.60293e-02 5.95205e+00 
8.61615e-02 5.94937e+00 
8.62938e-02 5.94682e+00 
8.64264e-02 5.94404e+00 
8.65591e-02 5.94132e+00 
8.66921e-02 5.93868e+00 
8.68253e-02 5.93600e+00 
8.69587e-02 5.93322e+00 
8.70923e-02 5.93050e+00 
8.72261e-02 5.92787e+00 
8.73601e-02 5.92521e+00 
8.74943e-02 5.92249e+00 
8.76287e-02 5.91965e+00 
8.77633e-02 5.91706e+00 
8.78981e-02 5.91427e+00 
8.80331e-02 5.91152e+00 
8.81684e-02 5.90885e+00 
8.83038e-02 5.90616e+00 
8.84395e-02 5.90337e+00 
8.85753e-02 5.90066e+00 
8.87114e-02 5.89788e+00 
8.88477e-02 5.89519e+00 
8.89842e-02 5.89244e+00 
8.91209e-02 5.88957e+00 
8.92578e-02 5.88697e+00 
8.93949e-02 5.88415e+00 
8.95322e-02 5.88141e+00 
8.96698e-02 5.87860e+00 
8.98075e-02 5.87587e+00 
8.99455e-02 5.87305e+00 
9.00836e-02 5.87031e+00 
9.02220e-02 5.86750e+00 
9.03606e-02 5.86477e+00 
9.04994e-02 5.86196e+00 
9.06385e-02 5.85928e+00 
9.07777e-02 5.85634e+00 
9.09172e-02 5.85361e+00 
9.10568e-02 5.85085e+00 
9.11967e-02 5.84801e+00 
9.13368e-02 5.84525e+00 
9.14771e-02 5.84240e+00 
9.16176e-02 5.83964e+00 
9.17584e-02 5.83684e+00 
9.18993e-02 5.83395e+00 
9.20405e-02 5.83111e+00 
9.21819e-02 5.82835e+00 
9.23235e-02 5.82555e+00 
9.24654e-02 5.82266e+00 
9.26074e-02 5.81987e+00 
9.27497e-02 5.81698e+00 
9.28921e-02 5.81419e+00 
9.30348e-02 5.81131e+00 
9.31778e-02 5.80852e+00 
9.33209e-02 5.80568e+00 
9.34643e-02 5.80275e+00 
9.36078e-02 5.79987e+00 
9.37516e-02 5.79709e+00 
9.38957e-02 5.79425e+00 
9.40399e-02 5.79133e+00 
9.41844e-02 5.78850e+00 
9.43291e-02 5.78557e+00 
9.44740e-02 5.78273e+00 
9.46191e-02 5.77983e+00 
9.47645e-02 5.77699e+00 
9.49100e-02 5.77412e+00 
9.50558e-02 5.77117e+00 
9.52019e-02 5.76825e+00 
9.53481e-02 5.76545e+00 
9.54946e-02 5.76241e+00 
9.56413e-02 5.75958e+00 
9.57882e-02 5.75671e+00 
9.59354e-02 5.75375e+00 
9.60827e-02 5.75089e+00 
9.62303e-02 5.74796e+00 
9.63782e-02 5.74492e+00 
9.65262e-02 5.74213e+00 
9.66745e-02 5.73912e+00 
9.68230e-02 5.73617e+00 
9.69718e-02 5.73330e+00 
9.71207e-02 5.73038e+00 
9.72699e-02 5.72738e+00 
9.74193e-02 5.72447e+00 
9.75690e-02 5.72147e+00 
9.77189e-02 5.71855e+00 
9.78690e-02 5.71554e+00 
9.80193e-02 5.71262e+00 
9.81699e-02 5.70962e+00 
9.83207e-02 5.70671e+00 
9.84718e-02 5.70374e+00 
9.86230e-02 5.70070e+00 
9.87746e-02 5.69768e+00 
9.89263e-02 5.69477e+00 
9.90783e-02 5.69181e+00 
9.92305e-02 5.68877e+00 
9.93829e-02 5.68580e+00 
9.95356e-02 5.68275e+00 
9.96885e-02 5.67978e+00 
9.98416e-02 5.67673e+00 
9.99950e-02 5.67375e+00 
1.00149e-01 5.67068e+00 
1.00302e-01 5.66777e+00 
1.00457e-01 5.66470e+00 
1.00611e-01 5.66162e+00 
1.00765e-01 5.65859e+00 
1.00920e-01 5.65562e+00 
1.01075e-01 5.65260e+00 
1.01231e-01 5.64946e+00 
1.01386e-01 5.64647e+00 
1.01542e-01 5.64334e+00 
1.01698e-01 5.64028e+00 
1.01854e-01 5.63735e+00 
1.02010e-01 5.63419e+00 
1.02167e-01 5.63124e+00 
1.02324e-01 5.62807e+00 
1.02481e-01 5.62497e+00 
1.02639e-01 5.62191e+00 
1.02796e-01 5.61883e+00 
1.02954e-01 5.61580e+00 
1.03113e-01 5.61268e+00 
1.03271e-01 5.60952e+00 
1.03430e-01 5.60638e+00 
1.03588e-01 5.60340e+00 
1.03748e-01 5.60027e+00 
1.03907e-01 5.59712e+00 
1.04067e-01 5.59401e+00 
1.04226e-01 5.59088e+00 
1.04387e-01 5.58770e+00 
1.04547e-01 5.58471e+00 
1.04708e-01 5.58143e+00 
1.04868e-01 5.57846e+00 
1.05029e-01 5.57520e+00 
1.05191e-01 5.57215e+00 
1.05352e-01 5.56895e+00 
1.05514e-01 5.56575e+00 
1.05676e-01 5.56264e+00 
1.05839e-01 5.55942e+00 
1.06001e-01 5.55634e+00 
1.06164e-01 5.55318e+00 
1.06327e-01 5.54994e+00 
1.06491e-01 5.54670e+00 
1.06654e-01 5.54362e+00 
1.06818e-01 5.54044e+00 
1.06982e-01 5.53718e+00 
1.07146e-01 5.53400e+00 
1.07311e-01 5.53089e+00 
1.07476e-01 5.52753e+00 
1.07641e-01 5.52440e+00 
1.07806e-01 5.52124e+00 
1.07972e-01 5.51796e+00 
1.08138e-01 5.51476e+00 
1.08304e-01 5.51150e+00 
1.08470e-01 5.50832e+00 
1.08637e-01 5.50502e+00 
1.08804e-01 5.50182e+00 
1.08971e-01 5.49854e+00 
1.09138e-01 5.49535e+00 
1.09306e-01 5.49205e+00 
1.09474e-01 5.48885e+00 
1.09642e-01 5.48559e+00 
1.09811e-01 5.48218e+00 
1.09979e-01 5.47908e+00 
1.10148e-01 5.47572e+00 
1.10317e-01 5.47242e+00 
1.10487e-01 5.46917e+00 
1.10657e-01 5.46587e+00 
1.10827e-01 5.46247e+00 
1.10997e-01 5.45933e+00 
1.11167e-01 5.45598e+00 
1.11338e-01 5.45264e+00 
1.11509e-01 5.44939e+00 
1.11680e-01 5.44611e+00 
1.11852e-01 5.44270e+00 
1.12024e-01 5.43934e+00 
1.12196e-01 5.43609e+00 
1.12368e-01 5.43280e+00 
1.12541e-01 5.42938e+00 
1.12714e-01 5.42605e+00 
1.12887e-01 5.42264e+00 
1.13060e-01 5.41929e+00 
1.13234e-01 5.41600e+00 
1.13408e-01 5.41266e+00 
1.13582e-01 5.40925e+00 
1.13757e-01 5.40587e+00 
1.13931e-01 5.40246e+00 
1.14106e-01 5.39907e+00 
1.14282e-01 5.39572e+00 
1.14457e-01 5.39239e+00 
1.14633e-01 5.38894e+00 
1.14809e-01 5.38556e+00 
1.14986e-01 5.38207e+00 
1.15162e-01 5.37868e+00 
1.15339e-01 5.37537e+00 
1.15516e-01 5.37182e+00 
1.15694e-01 5.36845e+00 
1.15872e-01 5.36503e+00 
1.16050e-01 5.36154e+00 
1.16228e-01 5.35815e+00 
1.16406e-01 5.35466e+00 
1.16585e-01 5.35119e+00 
1.16764e-01 5.34782e+00 
1.16944e-01 5.34436e+00 
1.17123e-01 5.34087e+00 
1.17303e-01 5.33743e+00 
1.17483e-01 5.33390e+00 
1.17664e-01 5.33039e+00 
1.17845e-01 5.32701e+00 
1.18026e-01 5.32338e+00 
1.18207e-01 5.31996e+00 
1.18389e-01 5.31647e+00 
1.18571e-01 5.31289e+00 
1.18753e-01 5.30937e+00 
1.18935e-01 5.30595e+00 
1.19118e-01 5.30244e+00 
1.19301e-01 5.29885e+00 
1.19484e-01 5.29531e+00 
1.19668e-01 5.29183e+00 
1.19851e-01 5.28835e+00 
1.20036e-01 5.28470e+00 
1.20220e-01 5.28114e+00 
1.20405e-01 5.27764e+00 
1.20590e-01 5.27410e+00 
1.20775e-01 5.27047e+00 
1.20960e-01 5.26690e+00 
1.21146e-01 5.26338e+00 
1.21332e-01 5.25981e+00 
1.21519e-01 5.25608e+00 
1.21705e-01 5.25266e+00 
1.21892e-01 5.24898e+00 
1.22080e-01 5.24531e+00 
1.22267e-01 5.24177e+00 
1.22455e-01 5.23812e+00 
1.22643e-01 5.23455e+00 
1.22831e-01 5.23091e+00 
1.23020e-01 5.22730e+00 
1.23209e-01 5.22364e+00 
1.23398e-01 5.22004e+00 
1.23588e-01 5.21634e+00 
1.23778e-01 5.21271e+00 
1.23968e-01 5.20901e+00 
1.24158e-01 5.20537e+00 
1.24349e-01 5.20180e+00 
1.24540e-01 5.19798e+00 
1.24732e-01 5.19436e+00 
1.24923e-01 5.19073e+00 
1.25115e-01 5.18696e+00 
1.25307e-01 5.18326e+00 
1.25500e-01 5.17961e+00 
1.25693e-01 5.17590e+00 
1.25886e-01 5.17209e+00 
1.26079e-01 5.16854e+00 
1.26273e-01 5.16473e+00 
1.26467e-01 5.16097e+00 
1.26661e-01 5.15729e+00 
1.26856e-01 5.15350e+00 
1.27050e-01 5.14983e+00 
1.27246e-01 5.14601e+00 
1.27441e-01 5.14231e+00 
1.27637e-01 5.13849e+00 
1.27833e-01 5.13471e+00 
1.28029e-01 5.13103e+00 
1.28226e-01 5.12728e+00 
1.28423e-01 5.12343e+00 
1.28620e-01 5.11963e+00 
1.28818e-01 5.11589e+00 
1.29016e-01 5.11211e+00 
1.29214e-01 5.10824e+00 
1.29412e-01 5.10442e+00 
1.29611e-01 5.10065e+00 
1.29810e-01 5.09679e+00 
1.30010e-01 5.09299e+00 
1.30209e-01 5.08913e+00 
1.30409e-01 5.08533e+00 
1.30610e-01 5.08140e+00 
1.30810e-01 5.07757e+00 
1.31011e-01 5.07379e+00 
1.31213e-01 5.06992e+00 
1.31414e-01 5.06601e+00 
1.31616e-01 5.06210e+00 
1.31818e-01 5.05828e+00 
1.32021e-01 5.05435e+00 
1.32224e-01 5.05050e+00 
1.32427e-01 5.04657e+00 
1.32630e-01 5.04273e+00 
1.32834e-01 5.03877e+00 
1.33038e-01 5.03488e+00 
1.33242e-01 5.03091e+00 
1.33447e-01 5.02695e+00 
1.33652e-01 5.02309e+00 
1.33857e-01 5.01913e+00 
1.34063e-01 5.01523e+00 
1.34269e-01 5.01125e+00 
1.34475e-01 5.00735e+00 
1.34682e-01 5.00334e+00 
1.34889e-01 4.99941e+00 
1.35096e-01 4.99540e+00 
1.35303e-01 4.99148e+00 
1.35511e-01 4.98743e+00 
1.35719e-01 4.98341e+00 
1.35928e-01 4.97945e+00 
1.36137e-01 4.97541e+00 
1.36346e-01 4.97146e+00 
1.36555e-01 4.96743e+00 
1.36765e-01 4.96343e+00 
1.36975e-01 4.95936e+00 
1.37186e-01 4.95529e+00 
1.37396e-01 4.95135e+00 
1.37607e-01 4.94733e+00 
1.37819e-01 4.94314e+00 
1.38031e-01 4.93921e+00 
1.38243e-01 4.93503e+00 
1.38455e-01 4.93110e+00 
1.38668e-01 4.92688e+00 
1.38881e-01 4.92288e+00 
1.39094e-01 4.91882e+00 
1.39308e-01 4.91462e+00 
1.39522e-01 4.91067e+00 
1.39736e-01 4.90650e+00 
1.39951e-01 4.90232e+00 
1.40166e-01 4.89821e+00 
1.40381e-01 4.89417e+00 
1.40597e-01 4.89007e+00 
1.40813e-01 4.88586e+00 
1.41029e-01 4.88171e+00 
1.41246e-01 4.87760e+00 
1.41463e-01 4.87342e+00 
1.41680e-01 4.86930e+00 
1.41898e-01 4.86507e+00 
1.42116e-01 4.86088e+00 
1.42334e-01 4.85678e+00 
1.42553e-01 4.85256e+00 
1.42772e-01 4.84842e+00 
1.42991e-01 4.84421e+00 
1.43211e-01 4.84003e+00 
1.43431e-01 4.83577e+00 
1.43651e-01 4.83155e+00 
1.43872e-01 4.82739e+00 
1.44093e-01 4.82317e+00 
1.44314e-01 4.81883e+00 
1.44536e-01 4.81466e+00 
1.44758e-01 4.81046e+00 
1.44980e-01 4.80616e+00 
1.45203e-01 4.80187e+00 
1.45426e-01 4.79766e+00 
1.45649e-01 4.79338e+00 
1.45873e-01 4.78914e+00 
1.46097e-01 4.78480e+00 
1.46321e-01 4.78052e+00 
1.46546e-01 4.77628e+00 
1.46771e-01 4.77200e+00 
1.46997e-01 4.76755e+00 
1.47223e-01 4.76332e+00 
1.47449e-01 4.75904e+00 
1.47675e-01 4.75467e+00 
1.47902e-01 4.75031e+00 
1.48129e-01 4.74603e+00 
1.48357e-01 4.74162e+00 
1.48585e-01 4.73726e+00 
1.48813e-01 4.73299e+00 
1.49042e-01 4.72865e+00 
1.49271e-01 4.72420e+00 
1.49500e-01 4.71979e+00 
1.49730e-01 4.71539e+00 
1.49960e-01 4.71108e+00 
1.50190e-01 4.70672e+00 
1.50421e-01 4.70220e+00 
1.50652e-01 4.69792e+00 
1.50883e-01 4.69339e+00 
1.51115e-01 4.68903e+00 
1.51347e-01 4.68459e+00 
1.51580e-01 4.68021e+00 
1.51813e-01 4.67573e+00 
1.52046e-01 4.67134e+00 
1.52279e-01 4.66685e+00 
1.52513e-01 4.66237e+00 
1.52748e-01 4.65794e+00 
1.52982e-01 4.65346e+00 
1.53217e-01 4.64902e+00 
1.53453e-01 4.64446e+00 
1.53688e-01 4.63997e+00 
1.53924e-01 4.63553e+00 
1.54161e-01 4.63096e+00 
1.54398e-01 4.62643e+00 
1.54635e-01 4.62199e+00 
1.54872e-01 4.61746e+00 
1.55110e-01 4.61298e+00 
1.55349e-01 4.60838e+00 
1.55587e-01 4.60384e+00 
1.55826e-01 4.59936e+00 
1.56066e-01 4.59476e+00 
1.56305e-01 4.59027e+00 
1.56546e-01 4.58562e+00 
1.56786e-01 4.58105e+00 
1.57027e-01 4.57651e+00 
1.57268e-01 4.57189e+00 
1.57510e-01 4.56728e+00 
1.57752e-01 4.56275e+00 
1.57994e-01 4.55814e+00 
1.58237e-01 4.55356e+00 
1.58480e-01 4.54890e+00 
1.58723e-01 4.54428e+00 
1.58967e-01 4.53970e+00 
1.59211e-01 4.53504e+00 
1.59456e-01 4.53042e+00 
1.59701e-01 4.52567e+00 
1.59946e-01 4.52116e+00 
1.60192e-01 4.51637e+00 
1.60438e-01 4.51179e+00 
1.60684e-01 4.50715e+00 
1.60931e-01 4.50235e+00 
1.61179e-01 4.49774e+00 
1.61426e-01 4.49309e+00 
1.61674e-01 4.48829e+00 
1.61922e-01 4.48374e+00 
1.62171e-01 4.47889e+00 
1.62420e-01 4.47425e+00 
1.62670e-01 4.46949e+00 
1.62920e-01 4.46481e+00 
1.63170e-01 4.46004e+00 
1.63421e-01 4.45527e+00 
1.63672e-01 4.45058e+00 
1.63923e-01 4.44579e+00 
1.64175e-01 4.44102e+00 
1.64427e-01 4.43633e+00 
1.64680e-01 4.43151e+00 
1.64933e-01 4.42677e+00 
1.65186e-01 4.42189e+00 
1.65440e-01 4.41724e+00 
1.65694e-01 4.41232e+00 
1.65949e-01 4.40758e+00 
1.66203e-01 4.40278e+00 
1.66459e-01 4.39800e+00 
1.66715e-01 4.39311e+00 
1.66971e-01 4.38828e+00 
1.67227e-01 4.38351e+00 
1.67484e-01 4.37862e+00 
1.67741e-01 4.37377e+00 
1.67999e-01 4.36897e+00 
1.68257e-01 4.36406e+00 
1.68516e-01 4.35918e+00 
1.68774e-01 4.35439e+00 
1.69034e-01 4.34944e+00 
1.69293e-01 4.34457e+00 
1.69553e-01 4.33975e+00 
1.69814e-01 4.33480e+00 
1.70075e-01 4.32989e+00 
1.70336e-01 4.32506e+00 
1.70598e-01 4.32011e+00 
1.70860e-01 4.31522e+00 
1.71122e-01 4.31021e+00 
1.71385e-01 4.30537e+00 
1.71648e-01 4.30049e+00 
1.71912e-01 4.29547e+00 
1.72176e-01 4.29049e+00 
1.72441e-01 4.28552e+00 
1.72706e-01 4.28062e+00 
1.72971e-01 4.27562e+00 
1.73237e-01 4.27064e+00 
1.73503e-01 4.26573e+00 
1.73769e-01 4.26073e+00 
1.74036e-01 4.25577e+00 
1.74304e-01 4.25065e+00 
1.74571e-01 4.24576e+00 
1.74840e-01 4.24076e+00 
1.75108e-01 4.23566e+00 
1.75377e-01 4.23074e+00 
1.75647e-01 4.22573e+00 
1.75916e-01 4.22060e+00 
1.76187e-01 4.21564e+00 
1.76457e-01 4.21064e+00 
1.76728e-01 4.20548e+00 
1.77000e-01 4.20050e+00 
1.77272e-01 4.19542e+00 
1.77544e-01 4.19042e+00 
1.77817e-01 4.18530e+00 
1.78090e-01 4.18021e+00 
1.78364e-01 4.17515e+00 
1.78638e-01 4.16998e+00 
1.78912e-01 4.16504e+00 
1.79187e-01 4.15981e+00 
1.79462e-01 4.15477e+00 
1.79738e-01 4.14962e+00 
1.80014e-01 4.14451e+00 
1.80290e-01 4.13946e+00 
1.80567e-01 4.13429e+00 
1.80845e-01 4.12913e+00 
1.81123e-01 4.12405e+00 
1.81401e-01 4.11886e+00 
1.81680e-01 4.11367e+00 
1.81959e-01 4.10853e+00 
1.82238e-01 4.10345e+00 
1.82518e-01 4.09826e+00 
1.82798e-01 4.09314e+00 
1.83079e-01 4.08785e+00 
1.83361e-01 4.08275e+00 
1.83642e-01 4.07761e+00 
1.83924e-01 4.07230e+00 
1.84207e-01 4.06718e+00 
1.84490e-01 4.06196e+00 
1.84773e-01 4.05682e+00 
1.85057e-01 4.05154e+00 
1.85341e-01 4.04629e+00 
1.85626e-01 4.04106e+00 
1.85911e-01 4.03589e+00 
1.86197e-01 4.03060e+00 
1.86483e-01 4.02534e+00 
1.86769e-01 4.02011e+00 
1.87056e-01 4.01494e+00 
1.87344e-01 4.00964e+00 
1.87631e-01 4.00443e+00 
1.87920e-01 3.99904e+00 
1.88208e-01 3.99387e+00 
1.88498e-01 3.98856e+00 
1.88787e-01 3.98335e+00 
1.89077e-01 3.97800e+00 
1.89368e-01 3.97267e+00 
1.89658e-01 3.96738e+00 
1.89950e-01 3.96212e+00 
1.90242e-01 3.95673e+00 
1.90534e-01 3.95157e+00 
1.90827e-01 3.94612e+00 
1.91120e-01 3.94087e+00 
1.91413e-01 3.93551e+00 
1.91707e-01 3.93016e+00 
1.92002e-01 3.92483e+00 
1.92297e-01 3.91957e+00 
1.92592e-01 3.91421e+00 
1.92888e-01 3.90888e+00 
1.93184e-01 3.90342e+00 
1.93481e-01 3.89815e+00 
1.93778e-01 3.89276e+00 
1.94076e-01 3.88743e+00 
1.94374e-01 3.88195e+00 
1.94673e-01 3.87665e+00 
1.94972e-01 3.87126e+00 
1.95271e-01 3.86593e+00 
1.95571e-01 3.86047e+00 
1.95872e-01 3.85499e+00 
1.96173e-01 3.84974e+00 
1.96474e-01 3.84422e+00 
1.96776e-01 3.83888e+00 
1.97078e-01 3.83344e+00 
1.97381e-01 3.82800e+00 
1.97684e-01 3.82263e+00 
1.97988e-01 3.81709e+00 
1.98292e-01 3.81177e+00 
1.98597e-01 3.80636e+00 
1.98902e-01 3.80080e+00 
1.99207e-01 3.79544e+00 
1.99513e-01 3.78995e+00 
1.99820e-01 3.78448e+00 
2.00127e-01 3.77907e+00 
2.00434e-01 3.77352e+00 
2.00742e-01 3.76816e+00 
2.01050e-01 3.76272e+00 
2.01359e-01 3.75713e+00 
2.01669e-01 3.75170e+00 
2.01978e-01 3.74620e+00 
2.02289e-01 3.74067e+00 
2.02599e-01 3.73521e+00 
2.02911e-01 3.72977e+00 
2.03222e-01 3.72424e+00 
2.03535e-01 3.71870e+00 
2.03847e-01 3.71321e+00 
2.04160e-01 3.70777e+00 
2.04474e-01 3.70221e+00 
2.04788e-01 3.69666e+00 
2.05103e-01 3.69114e+00 
2.05418e-01 3.68567e+00 
2.05733e-01 3.68010e+00 
2.06049e-01 3.67453e+00 
2.06366e-01 3.66897e+00 
2.06683e-01 3.66344e+00 
2.07001e-01 3.65796e+00 
2.07319e-01 3.65237e+00 
2.07637e-01 3.64681e+00 
2.07956e-01 3.64126e+00 
2.08275e-01 3.63577e+00 
2.08595e-01 3.63015e+00 
2.08916e-01 3.62455e+00 
2.09237e-01 3.61896e+00 
2.09558e-01 3.61341e+00 
2.09880e-01 3.60790e+00 
2.10203e-01 3.60227e+00 
2.10525e-01 3.59669e+00 
2.10849e-01 3.59110e+00 
2.11173e-01 3.58557e+00 
2.11497e-01 3.57994e+00 
2.11822e-01 3.57430e+00 
2.12147e-01 3.56869e+00 
2.12473e-01 3.56310e+00 
2.12800e-01 3.55755e+00 
2.13127e-01 3.55189e+00 
2.13454e-01 3.54626e+00 
2.13782e-01 3.54063e+00 
2.14110e-01 3.53502e+00 
2.14439e-01 3.52947e+00 
2.14769e-01 3.52380e+00 
2.15099e-01 3.51814e+00 
2.15429e-01 3.51252e+00 
2.15760e-01 3.50693e+00 
2.16091e-01 3.50120e+00 
2.16423e-01 3.49565e+00 
2.16756e-01 3.48997e+00 
2.17089e-01 3.48432e+00 
2.17422e-01 3.47873e+00 
2.17756e-01 3.47298e+00 
2.18091e-01 3.46741e+00 
2.18426e-01 3.46173e+00 
2.18762e-01 3.45606e+00 
2.19098e-01 3.45045e+00 
2.19434e-01 3.44469e+00 
2.19771e-01 3.43912e+00 
2.20109e-01 3.43342e+00 
2.20447e-01 3.42774e+00 
2.20786e-01 3.42211e+00 
2.21125e-01 3.41633e+00 
2.21464e-01 3.41074e+00 
2.21805e-01 3.40501e+00 
2.22145e-01 3.39932e+00 
2.22487e-01 3.39361e+00 
2.22828e-01 3.38796e+00 
2.23171e-01 3.38233e+00 
2.23514e-01 3.37660e+00 
2.23857e-01 3.37088e+00 
2.24201e-01 3.36518e+00 
2.24545e-01 3.35950e+00 
2.24890e-01 3.35386e+00 
2.25236e-01 3.34809e+00 
2.25582e-01 3.34231e+00 
2.25928e-01 3.33673e+00 
2.26275e-01 3.33106e+00 
2.26623e-01 3.32523e+00 
2.26971e-01 3.31958e+00 
2.27320e-01 3.31377e+00 
2.27669e-01 3.30816e+00 
2.28019e-01 3.30242e+00 
2.28369e-01 3.29671e+00 
2.28720e-01 3.29104e+00 
2.29071e-01 3.28523e+00 
2.29423e-01 3.27959e+00 
2.29776e-01 3.27382e+00 
2.30129e-01 3.26808e+00 
2.30482e-01 3.26236e+00 
2.30836e-01 3.25669e+00 
2.31191e-01 3.25085e+00 
2.31546e-01 3.24520e+00 
2.31902e-01 3.23943e+00 
2.32258e-01 3.23368e+00 
2.32615e-01 3.22792e+00 
2.32972e-01 3.22219e+00 
2.33330e-01 3.21647e+00 
2.33688e-01 3.21082e+00 
2.34047e-01 3.20504e+00 
2.34407e-01 3.19927e+00 
2.34767e-01 3.19351e+00 
2.35128e-01 3.18776e+00 
2.35489e-01 3.18203e+00 
2.35851e-01 3.17636e+00 
2.36213e-01 3.17056e+00 
2.36576e-01 3.16473e+00 
2.36939e-01 3.15910e+00 
2.37303e-01 3.15334e+00 
2.37668e-01 3.14763e+00 
2.38033e-01 3.14176e+00 
2.38398e-01 3.13605e+00 
2.38765e-01 3.13038e+00 
2.39131e-01 3.12460e+00 
2.39499e-01 3.11881e+00 
2.39867e-01 3.11304e+00 
2.40235e-01 3.10729e+00 
2.40604e-01 3.10155e+00 
2.40974e-01 3.09586e+00 
2.41344e-01 3.09001e+00 
2.41715e-01 3.08435e+00 
2.42086e-01 3.07857e+00 
2.42458e-01 3.07280e+00 
2.42831e-01 3.06703e+00 
2.43204e-01 3.06129e+00 
2.43577e-01 3.05560e+00 
2.43951e-01 3.04975e+00 
2.44326e-01 3.04407e+00 
2.44701e-01 3.03829e+00 
2.45077e-01 3.03250e+00 
2.45454e-01 3.02672e+00 
2.45831e-01 3.02096e+00 
2.46209e-01 3.01520e+00 
2.46587e-01 3.00947e+00 
2.46966e-01 3.00377e+00 
2.47345e-01 2.99793e+00 
2.47725e-01 2.99227e+00 
2.48105e-01 2.98650e+00 
2.48487e-01 2.98072e+00 
2.48868e-01 2.97496e+00 
2.49251e-01 2.96920e+00 
2.49634e-01 2.96346e+00 
2.50017e-01 2.95778e+00 
2.50401e-01 2.95194e+00 
2.50786e-01 2.94627e+00 
2.51171e-01 2.94049e+00 
2.51557e-01 2.93472e+00 
2.51943e-01 2.92896e+00 
2.52330e-01 2.92320e+00 
2.52718e-01 2.91745e+00 
2.53106e-01 2.91172e+00 
2.53495e-01 2.90603e+00 
2.53884e-01 2.90019e+00 
2.54275e-01 2.89451e+00 
2.54665e-01 2.88869e+00 
2.55056e-01 2.88305e+00 
2.55448e-01 2.87729e+00 
2.55841e-01 2.87153e+00 
2.56234e-01 2.86579e+00 
2.56627e-01 2.86008e+00 
2.57021e-01 2.85440e+00 
2.57416e-01 2.84856e+00 
2.57812e-01 2.84289e+00 
2.58208e-01 2.83707e+00 
2.58604e-01 2.83143e+00 
2.59002e-01 2.82565e+00 
2.59400e-01 2.81986e+00 
2.59798e-01 2.81425e+00 
2.60197e-01 2.80853e+00 
2.60597e-01 2.80285e+00 
2.60997e-01 2.79701e+00 
2.61398e-01 2.79131e+00 
2.61800e-01 2.78565e+00 
2.62202e-01 2.77984e+00 
2.62605e-01 2.77419e+00 
2.63008e-01 2.76840e+00 
2.63412e-01 2.76279e+00 
2.63817e-01 2.75706e+00 
2.64222e-01 2.75133e+00 
2.64628e-01 2.74561e+00 
2.65035e-01 2.73989e+00 
2.65442e-01 2.73419e+00 
2.65849e-01 2.72850e+00 
2.66258e-01 2.72282e+00 
2.66667e-01 2.71719e+00 
2.67077e-01 2.71139e+00 
2.67487e-01 2.70578e+00 
2.67898e-01 2.70000e+00 
2.68309e-01 2.69442e+00 
2.68721e-01 2.68870e+00 
2.69134e-01 2.68298e+00 
2.69548e-01 2.67723e+00 
2.69962e-01 2.67167e+00 
2.70376e-01 2.66600e+00 
2.70792e-01 2.66033e+00 
2.71208e-01 2.65471e+00 
2.71624e-01 2.64893e+00 
2.72042e-01 2.64328e+00 
2.72460e-01 2.63767e+00 
2.72878e-01 2.63191e+00 
2.73297e-01 2.62630e+00 
2.73717e-01 2.62073e+00 
2.74138e-01 2.61503e+00 
2.74559e-01 2.60930e+00 
2.74981e-01 2.60376e+00 
2.75403e-01 2.59810e+00 
2.75826e-01 2.59244e+00 
2.76250e-01 2.58678e+00 
2.76674e-01 2.58114e+00 
2.77099e-01 2.57550e+00 
2.77525e-01 2.56987e+00 
2.77951e-01 2.56425e+00 
2.78378e-01 2.55863e+00 
2.78806e-01 2.55303e+00 
2.79234e-01 2.54748e+00 
2.79663e-01 2.54176e+00 
2.80093e-01 2.53617e+00 
2.80523e-01 2.53064e+00 
2.80954e-01 2.52495e+00 
2.81386e-01 2.51943e+00 
2.81818e-01 2.51376e+00 
2.82251e-01 2.50826e+00 
2.82684e-01 2.50265e+00 
2.83119e-01 2.49702e+00 
2.83554e-01 2.49137e+00 
2.83989e-01 2.48591e+00 
2.84425e-01 2.48032e+00 
2.84862e-01 2.47474e+00 
2.85300e-01 2.46916e+00 
2.85738e-01 2.46359e+00 
2.86177e-01 2.45803e+00 
2.86617e-01 2.45247e+00 
2.87057e-01 2.44693e+00 
2.87498e-01 2.44140e+00 
2.87940e-01 2.43591e+00 
2.88382e-01 2.43025e+00 
2.88825e-01 2.42473e+00 
2.89269e-01 2.41923e+00 
2.89713e-01 2.41377e+00 
2.90158e-01 2.40815e+00 
2.90604e-01 2.40271e+00 
2.91050e-01 2.39710e+00 
2.91498e-01 2.39166e+00 
2.91945e-01 2.38607e+00 
2.92394e-01 2.38064e+00 
2.92843e-01 2.37506e+00 
2.93293e-01 2.36965e+00 
2.93743e-01 2.36410e+00 
2.94195e-01 2.35871e+00 
2.94647e-01 2.35320e+00 
2.95099e-01 2.34769e+00 
2.95553e-01 2.34215e+00 
2.96007e-01 2.33679e+00 
2.96461e-01 2.33131e+00 
2.96917e-01 2.32583e+00 
2.97373e-01 2.32035e+00 
2.97830e-01 2.31484e+00 
2.98287e-01 2.30952e+00 
2.98745e-01 2.30407e+00 
2.99204e-01 2.29863e+00 
2.99664e-01 2.29319e+00 
3.00124e-01 2.28776e+00 
3.00585e-01 2.28234e+00 
3.01047e-01 2.27692e+00 
3.01510e-01 2.27151e+00 
3.01973e-01 2.26611e+00 
3.02437e-01 2.26071e+00 
3.02901e-01 2.25533e+00 
3.03367e-01 2.24999e+00 
3.03833e-01 2.24448e+00 
3.04299e-01 2.23911e+00 
3.04767e-01 2.23374e+00 
3.05235e-01 2.22838e+00 
3.05704e-01 2.22303e+00 
3.06174e-01 2.21769e+00 
3.06644e-01 2.21239e+00 
3.07115e-01 2.20693e+00 
3.07587e-01 2.20160e+00 
3.08059e-01 2.19629e+00 
3.08533e-01 2.19101e+00 
3.09007e-01 2.18557e+00 
3.09481e-01 2.18027e+00 
3.09957e-01 2.17498e+00 
3.10433e-01 2.16973e+00 
3.10910e-01 2.16432e+00 
3.11387e-01 2.15905e+00 
3.11866e-01 2.15381e+00 
3.12345e-01 2.14841e+00 
3.12825e-01 2.14315e+00 
3.13305e-01 2.13791e+00 
3.13786e-01 2.13271e+00 
3.14268e-01 2.12733e+00 
3.14751e-01 2.12211e+00 
3.15235e-01 2.11691e+00 
3.15719e-01 2.11156e+00 
3.16204e-01 2.10635e+00 
3.16690e-01 2.10118e+00 
3.17176e-01 2.09585e+00 
3.17664e-01 2.09065e+00 
3.18152e-01 2.08550e+00 
3.18640e-01 2.08019e+00 
3.19130e-01 2.07501e+00 
3.19620e-01 2.06988e+00 
3.20111e-01 2.06458e+00 
3.20603e-01 2.05942e+00 
3.21095e-01 2.05430e+00 
3.21589e-01 2.04902e+00 
3.22083e-01 2.04388e+00 
3.22577e-01 2.03878e+00 
3.23073e-01 2.03351e+00 
3.23569e-01 2.02839e+00 
3.24066e-01 2.02327e+00 
3.24564e-01 2.01819e+00 
3.25063e-01 2.01295e+00 
3.25562e-01 2.00784e+00 
3.26062e-01 2.00275e+00 
3.26563e-01 1.99770e+00 
3.27065e-01 1.99248e+00 
3.27567e-01 1.98740e+00 
3.28070e-01 1.98233e+00 
3.28574e-01 1.97730e+00 
3.29079e-01 1.97210e+00 
3.29585e-01 1.96704e+00 
3.30091e-01 1.96198e+00 
3.30598e-01 1.95694e+00 
3.31106e-01 1.95191e+00 
3.31615e-01 1.94691e+00 
3.32124e-01 1.94175e+00 
3.32634e-01 1.93672e+00 
3.33145e-01 1.93170e+00 
3.33657e-01 1.92668e+00 
3.34170e-01 1.92167e+00 
3.34683e-01 1.91667e+00 
3.35197e-01 1.91167e+00 
3.35712e-01 1.90668e+00 
3.36228e-01 1.90169e+00 
3.36744e-01 1.89671e+00 
3.37262e-01 1.89174e+00 
3.37780e-01 1.88677e+00 
3.38299e-01 1.88181e+00 
3.38818e-01 1.87686e+00 
3.39339e-01 1.87190e+00 
3.39860e-01 1.86696e+00 
3.40382e-01 1.86201e+00 
3.40905e-01 1.85707e+00 
3.41429e-01 1.85209e+00 
3.41953e-01 1.84730e+00 
3.42479e-01 1.84238e+00 
3.43005e-01 1.83747e+00 
3.43532e-01 1.83255e+00 
3.44059e-01 1.82761e+00 
3.44588e-01 1.82284e+00 
3.45117e-01 1.81795e+00 
3.45647e-01 1.81302e+00 
3.46178e-01 1.80827e+00 
3.46710e-01 1.80339e+00 
3.47243e-01 1.79848e+00 
3.47776e-01 1.79376e+00 
3.48310e-01 1.78889e+00 
3.48846e-01 1.78400e+00 
3.49381e-01 1.77928e+00 
3.49918e-01 1.77439e+00 
3.50456e-01 1.76968e+00 
3.50994e-01 1.76481e+00 
3.51533e-01 1.76011e+00 
3.52073e-01 1.75524e+00 
3.52614e-01 1.75051e+00 
3.53156e-01 1.74583e+00 
3.53698e-01 1.74099e+00 
3.54242e-01 1.73628e+00 
3.54786e-01 1.73162e+00 
3.55331e-01 1.72678e+00 
3.55877e-01 1.72209e+00 
3.56423e-01 1.71745e+00 
3.56971e-01 1.71263e+00 
3.57519e-01 1.70795e+00 
3.58069e-01 1.70327e+00 
3.58619e-01 1.69861e+00 
3.59170e-01 1.69395e+00 
3.59721e-01 1.68931e+00 
3.60274e-01 1.68470e+00 
3.60827e-01 1.67993e+00 
3.61382e-01 1.67529e+00 
3.61937e-01 1.67065e+00 
3.62493e-01 1.66602e+00 
3.63050e-01 1.66139e+00 
3.63607e-01 1.65673e+00 
3.64166e-01 1.65225e+00 
3.64725e-01 1.64765e+00 
3.65286e-01 1.64306e+00 
3.65847e-01 1.63846e+00 
3.66409e-01 1.63387e+00 
3.66972e-01 1.62925e+00 
3.67536e-01 1.62480e+00 
3.68100e-01 1.62024e+00 
3.68666e-01 1.61567e+00 
3.69232e-01 1.61107e+00 
3.69799e-01 1.60665e+00 
3.70367e-01 1.60211e+00 
3.70936e-01 1.59752e+00 
3.71506e-01 1.59311e+00 
3.72077e-01 1.58854e+00 
3.72648e-01 1.58415e+00 
3.73221e-01 1.57959e+00 
3.73794e-01 1.57521e+00 
3.74368e-01 1.57067e+00 
3.74943e-01 1.56630e+00 
3.75519e-01 1.56177e+00 
3.76096e-01 1.55741e+00 
3.76674e-01 1.55289e+00 
3.77253e-01 1.54850e+00 
3.77832e-01 1.54417e+00 
3.78413e-01 1.53966e+00 
3.78994e-01 1.53529e+00 
3.79576e-01 1.53093e+00 
3.80159e-01 1.52662e+00 
3.80743e-01 1.52214e+00 
3.81328e-01 1.51779e+00 
3.81914e-01 1.51345e+00 
3.82501e-01 1.50913e+00 
3.83088e-01 1.50482e+00 
3.83677e-01 1.50054e+00 
3.84266e-01 1.49610e+00 
3.84857e-01 1.49179e+00 
3.85448e-01 1.48749e+00 
3.86040e-01 1.48320e+00 
3.86633e-01 1.47891e+00 
3.87227e-01 1.47463e+00 
3.87822e-01 1.47034e+00 
3.88418e-01 1.46603e+00 
3.89014e-01 1.46191e+00 
3.89612e-01 1.45766e+00 
3.90210e-01 1.45342e+00 
3.90810e-01 1.44918e+00 
3.91410e-01 1.44495e+00 
3.92011e-01 1.44072e+00 
3.92614e-01 1.43646e+00 
3.93217e-01 1.43238e+00 
3.93821e-01 1.42818e+00 
3.94426e-01 1.42397e+00 
3.95032e-01 1.41974e+00 
3.95639e-01 1.41569e+00 
3.96246e-01 1.41151e+00 
3.96855e-01 1.40730e+00 
3.97465e-01 1.40327e+00 
3.98075e-01 1.39912e+00 
3.98687e-01 1.39493e+00 
3.99299e-01 1.39092e+00 
3.99913e-01 1.38678e+00 
4.00527e-01 1.38262e+00 
4.01142e-01 1.37863e+00 
4.01759e-01 1.37447e+00 
4.02376e-01 1.37050e+00 
4.02994e-01 1.36637e+00 
4.03613e-01 1.36241e+00 
4.04233e-01 1.35833e+00 
4.04854e-01 1.35422e+00 
4.05476e-01 1.35027e+00 
4.06099e-01 1.34617e+00 
4.06723e-01 1.34221e+00 
4.07347e-01 1.33830e+00 
4.07973e-01 1.33423e+00 
4.08600e-01 1.33033e+00 
4.09228e-01 1.32627e+00 
4.09856e-01 1.32239e+00 
4.10486e-01 1.31835e+00 
4.11117e-01 1.31448e+00 
4.11748e-01 1.31045e+00 
4.12381e-01 1.30656e+00 
4.13014e-01 1.30272e+00 
4.13649e-01 1.29873e+00 
4.14284e-01 1.29490e+00 
4.14920e-01 1.29092e+00 
4.15558e-01 1.28711e+00 
4.16196e-01 1.28314e+00 
4.16836e-01 1.27931e+00 
4.17476e-01 1.27553e+00 
4.18117e-01 1.27159e+00 
4.18760e-01 1.26783e+00 
4.19403e-01 1.26390e+00 
4.20047e-01 1.26012e+00 
4.20692e-01 1.25638e+00 
4.21339e-01 1.25249e+00 
4.21986e-01 1.24877e+00 
4.22634e-01 1.24489e+00 
4.23284e-01 1.24116e+00 
4.23934e-01 1.23738e+00 
4.24585e-01 1.23363e+00 
4.25237e-01 1.22986e+00 
4.25890e-01 1.22613e+00 
4.26545e-01 1.22239e+00 
4.27200e-01 1.21867e+00 
4.27856e-01 1.21495e+00 
4.28514e-01 1.21124e+00 
4.29172e-01 1.20754e+00 
4.29831e-01 1.20385e+00 
4.30491e-01 1.20016e+00 
4.31153e-01 1.19650e+00 
4.31815e-01 1.19283e+00 
4.32478e-01 1.18917e+00 
4.33143e-01 1.18553e+00 
4.33808e-01 1.18189e+00 
4.34475e-01 1.17825e+00 
4.35142e-01 1.17464e+00 
4.35811e-01 1.17103e+00 
4.36480e-01 1.16743e+00 
4.37151e-01 1.16384e+00 
4.37822e-01 1.16025e+00 
4.38495e-01 1.15667e+00 
4.39168e-01 1.15310e+00 
4.39843e-01 1.14954e+00 
4.40519e-01 1.14599e+00 
4.41195e-01 1.14245e+00 
4.41873e-01 1.13892e+00 
4.42552e-01 1.13540e+00 
4.43232e-01 1.13188e+00 
4.43913e-01 1.12837e+00 
4.44595e-01 1.12487e+00 
4.45278e-01 1.12139e+00 
4.45962e-01 1.11791e+00 
4.46647e-01 1.11443e+00 
4.47333e-01 1.11097e+00 
4.48020e-01 1.10752e+00 
4.48708e-01 1.10407e+00 
4.49398e-01 1.10064e+00 
4.50088e-01 1.09721e+00 
4.50779e-01 1.09379e+00 
4.51472e-01 1.09038e+00 
4.52165e-01 1.08698e+00 
4.52860e-01 1.08359e+00 
4.53556e-01 1.08021e+00 
4.54253e-01 1.07683e+00 
4.54950e-01 1.07347e+00 
4.55649e-01 1.07011e+00 
4.56349e-01 1.06676e+00 
4.57050e-01 1.06342e+00 
4.57752e-01 1.06009e+00 
4.58456e-01 1.05676e+00 
4.59160e-01 1.05345e+00 
4.59865e-01 1.05015e+00 
4.60572e-01 1.04685e+00 
4.61279e-01 1.04357e+00 
4.61988e-01 1.04028e+00 
4.62698e-01 1.03702e+00 
4.63408e-01 1.03375e+00 
4.64120e-01 1.03050e+00 
4.64833e-01 1.02726e+00 
4.65547e-01 1.02402e+00 
4.66262e-01 1.02080e+00 
4.66979e-01 1.01757e+00 
4.67696e-01 1.01438e+00 
4.68415e-01 1.01117e+00 
4.69134e-01 1.00798e+00 
4.69855e-01 1.00479e+00 
4.70577e-01 1.00163e+00 
4.71300e-01 9.98449e-01 
4.72024e-01 9.95288e-01 
4.72749e-01 9.92152e-01 
4.73475e-01 9.89007e-01 
4.74202e-01 9.85886e-01 
4.74931e-01 9.82751e-01 
4.75660e-01 9.79635e-01 
4.76391e-01 9.76542e-01 
4.77123e-01 9.73443e-01 
4.77856e-01 9.70347e-01 
4.78590e-01 9.67277e-01 
4.79325e-01 9.64195e-01 
4.80061e-01 9.61138e-01 
4.80799e-01 9.58084e-01 
4.81538e-01 9.55040e-01 
4.82277e-01 9.52007e-01 
4.83018e-01 9.48985e-01 
4.83760e-01 9.45953e-01 
4.84503e-01 9.42942e-01 
4.85248e-01 9.39938e-01 
4.85993e-01 9.36946e-01 
4.86740e-01 9.33959e-01 
4.87487e-01 9.30985e-01 
4.88236e-01 9.28023e-01 
4.88986e-01 9.25053e-01 
4.89737e-01 9.22107e-01 
4.90490e-01 9.19156e-01 
4.91243e-01 9.16231e-01 
4.91998e-01 9.13305e-01 
4.92754e-01 9.10389e-01 
4.93511e-01 9.07469e-01 
4.94269e-01 9.04574e-01 
4.95028e-01 9.01674e-01 
4.95789e-01 8.98804e-01 
4.96550e-01 8.95916e-01 
4.97313e-01 8.93053e-01 
4.98077e-01 8.90186e-01 
4.98842e-01 8.87351e-01 
4.99608e-01 8.84495e-01 
5.00376e-01 8.81669e-01 
5.01145e-01 8.78841e-01 
5.01914e-01 8.76031e-01 
5.02686e-01 8.73215e-01 
5.03458e-01 8.70418e-01 
5.04231e-01 8.67616e-01 
5.05006e-01 8.64847e-01 
5.05782e-01 8.62063e-01 
5.06559e-01 8.59292e-01 
5.07337e-01 8.56535e-01 
5.08116e-01 8.53781e-01 
5.08897e-01 8.51043e-01 
5.09678e-01 8.48304e-01 
5.10461e-01 8.45585e-01 
5.11246e-01 8.42866e-01 
5.12031e-01 8.40148e-01 
5.12818e-01 8.37445e-01 
5.13605e-01 8.34766e-01 
5.14394e-01 8.32072e-01 
5.15185e-01 8.29395e-01 
5.15976e-01 8.26721e-01 
5.16769e-01 8.24065e-01 
5.17562e-01 8.21415e-01 
5.18358e-01 8.18768e-01 
5.19154e-01 8.16126e-01 
5.19951e-01 8.13502e-01 
5.20750e-01 8.10884e-01 
5.21550e-01 8.08273e-01 
5.22351e-01 8.05669e-01 
5.23154e-01 8.03069e-01 
5.23957e-01 8.00474e-01 
5.24762e-01 7.97899e-01 
5.25568e-01 7.95334e-01 
5.26376e-01 7.92757e-01 
5.27184e-01 7.90204e-01 
5.27994e-01 7.87659e-01 
5.28805e-01 7.85123e-01 
5.29618e-01 7.82577e-01 
5.30431e-01 7.80056e-01 
5.31246e-01 7.77546e-01 
5.32062e-01 7.75026e-01 
5.32880e-01 7.72530e-01 
5.33698e-01 7.70029e-01 
5.34518e-01 7.67553e-01 
5.35339e-01 7.65074e-01 
5.36162e-01 7.62603e-01 
5.36985e-01 7.60146e-01 
5.37810e-01 7.57686e-01 
5.38636e-01 7.55232e-01 
5.39464e-01 7.52806e-01 
5.40293e-01 7.50361e-01 
5.41123e-01 7.47946e-01 
5.41954e-01 7.45528e-01 
5.42786e-01 7.43125e-01 
5.43620e-01 7.40718e-01 
5.44455e-01 7.38322e-01 
5.45292e-01 7.35941e-01 
5.46129e-01 7.33561e-01 
5.46968e-01 7.31195e-01 
5.47809e-01 7.28825e-01 
5.48650e-01 7.26470e-01 
5.49493e-01 7.24135e-01 
5.50337e-01 7.21781e-01 
5.51183e-01 7.19462e-01 
5.52029e-01 7.17129e-01 
5.52877e-01 7.14810e-01 
5.53727e-01 7.12510e-01 
5.54577e-01 7.10197e-01 
5.55429e-01 7.07898e-01 
5.56283e-01 7.05617e-01 
5.57137e-01 7.03346e-01 
5.57993e-01 7.01057e-01 
5.58850e-01 6.98805e-01 
5.59709e-01 6.96544e-01 
5.60569e-01 6.94286e-01 
5.61430e-01 6.92045e-01 
5.62292e-01 6.89811e-01 
5.63156e-01 6.87582e-01 
5.64021e-01 6.85361e-01 
5.64887e-01 6.83147e-01 
5.65755e-01 6.80938e-01 
5.66624e-01 6.78732e-01 
5.67495e-01 6.76549e-01 
5.68367e-01 6.74362e-01 
5.69240e-01 6.72182e-01 
5.70114e-01 6.70012e-01 
5.70990e-01 6.67847e-01 
5.71867e-01 6.65697e-01 
5.72746e-01 6.63535e-01 
5.73626e-01 6.61400e-01 
5.74507e-01 6.59261e-01 
5.75389e-01 6.57129e-01 
5.76273e-01 6.55009e-01 
5.77158e-01 6.52901e-01 
5.78045e-01 6.50790e-01 
5.78933e-01 6.48692e-01 
5.79822e-01 6.46588e-01 
5.80713e-01 6.44515e-01 
5.81605e-01 6.42421e-01 
5.82499e-01 6.40355e-01 
5.83394e-01 6.38291e-01 
5.84290e-01 6.36225e-01 
5.85187e-01 6.34170e-01 
5.86086e-01 6.32131e-01 
5.86987e-01 6.30094e-01 
5.87888e-01 6.28058e-01 
5.88792e-01 6.26036e-01 
5.89696e-01 6.24018e-01 
5.90602e-01 6.21999e-01 
5.91509e-01 6.19997e-01 
5.92418e-01 6.17998e-01 
5.93328e-01 6.15998e-01 
5.94239e-01 6.14017e-01 
5.95152e-01 6.12042e-01 
5.96067e-01 6.10069e-01 
5.96982e-01 6.08104e-01 
5.97899e-01 6.06137e-01 
5.98818e-01 6.04194e-01 
5.99738e-01 6.02240e-01 
6.00659e-01 6.00309e-01 
6.01582e-01 5.98366e-01 
6.02506e-01 5.96446e-01 
6.03432e-01 5.94516e-01 
6.04359e-01 5.92610e-01 
6.05287e-01 5.90693e-01 
6.06217e-01 5.88801e-01 
6.07148e-01 5.86903e-01 
6.08081e-01 5.85014e-01 
6.09015e-01 5.83135e-01 
6.09950e-01 5.81249e-01 
6.10887e-01 5.79387e-01 
6.11826e-01 5.77520e-01 
6.12766e-01 5.75667e-01 
6.13707e-01 5.73810e-01 
6.14650e-01 5.71961e-01 
6.15594e-01 5.70126e-01 
6.16540e-01 5.68286e-01 
6.17487e-01 5.66457e-01 
6.18436e-01 5.64642e-01 
6.19386e-01 5.62828e-01 
6.20337e-01 5.61013e-01 
6.21290e-01 5.59207e-01 
6.22244e-01 5.57421e-01 
6.23200e-01 5.55616e-01 
6.24158e-01 5.53842e-01 
6.25117e-01 5.52055e-01 
6.26077e-01 5.50285e-01 
6.27039e-01 5.48516e-01 
6.28002e-01 5.46748e-01 
6.28967e-01 5.44995e-01 
6.29933e-01 5.43248e-01 
6.30901e-01 5.41503e-01 
6.31870e-01 5.39765e-01 
6.32840e-01 5.38030e-01 
6.33813e-01 5.36299e-01 
6.34786e-01 5.34569e-01 
6.35761e-01 5.32862e-01 
6.36738e-01 5.31143e-01 
6.37716e-01 5.29447e-01 
6.38696e-01 5.27744e-01 
6.39677e-01 5.26047e-01 
6.40660e-01 5.24355e-01 
6.41644e-01 5.22671e-01 
6.42630e-01 5.20997e-01 
6.43617e-01 5.19314e-01 
6.44606e-01 5.17654e-01 
6.45596e-01 5.15990e-01 
6.46588e-01 5.14338e-01 
6.47581e-01 5.12680e-01 
6.48576e-01 5.11030e-01 
6.49572e-01 5.09394e-01 
6.50570e-01 5.07752e-01 
6.51569e-01 5.06120e-01 
6.52570e-01 5.04501e-01 
6.53573e-01 5.02882e-01 
6.54577e-01 5.01261e-01 
6.55582e-01 4.99652e-01 
6.56589e-01 4.98042e-01 
6.57598e-01 4.96445e-01 
6.58608e-01 4.94850e-01 
6.59620e-01 4.93254e-01 
6.60633e-01 4.91671e-01 
6.61648e-01 4.90093e-01 
6.62665e-01 4.88515e-01 
6.63683e-01 4.86936e-01 
6.64702e-01 4.85375e-01 
6.65723e-01 4.83821e-01 
6.66746e-01 4.82253e-01 
6.67770e-01 4.80700e-01 
6.68796e-01 4.79152e-01 
6.69823e-01 4.77610e-01 
6.70852e-01 4.76071e-01 
6.71883e-01 4.74535e-01 
6.72915e-01 4.73005e-01 
6.73949e-01 4.71481e-01 
6.74984e-01 4.69967e-01 
6.76021e-01 4.68440e-01 
6.77060e-01 4.66936e-01 
6.78100e-01 4.65427e-01 
6.79141e-01 4.63924e-01 
6.80185e-01 4.62430e-01 
6.81230e-01 4.60931e-01 
6.82276e-01 4.59440e-01 
6.83324e-01 4.57960e-01 
6.84374e-01 4.56473e-01 
6.85425e-01 4.54999e-01 
6.86478e-01 4.53519e-01 
6.87533e-01 4.52047e-01 
6.88589e-01 4.50590e-01 
6.89647e-01 4.49130e-01 
6.90706e-01 4.47668e-01 
6.91767e-01 4.46220e-01 
6.92830e-01 4.44770e-01 
6.93894e-01 4.43317e-01 
6.94960e-01 4.41877e-01 
6.96028e-01 4.40436e-01 
6.97097e-01 4.39014e-01 
6.98168e-01 4.37575e-01 
6.99241e-01 4.36151e-01 
7.00315e-01 4.34730e-01 
7.01391e-01 4.33312e-01 
7.02468e-01 4.31896e-01 
7.03547e-01 4.30483e-01 
7.04628e-01 4.29072e-01 
7.05710e-01 4.27660e-01 
7.06795e-01 4.26269e-01 
7.07880e-01 4.24870e-01 
7.08968e-01 4.23473e-01 
7.10057e-01 4.22083e-01 
7.11148e-01 4.20699e-01 
7.12240e-01 4.19304e-01 
7.13334e-01 4.17930e-01 
7.14430e-01 4.16547e-01 
7.15528e-01 4.15172e-01 
7.16627e-01 4.13805e-01 
7.17728e-01 4.12431e-01 
7.18830e-01 4.11064e-01 
7.19935e-01 4.09705e-01 
7.21040e-01 4.08342e-01 
7.22148e-01 4.06989e-01 
7.23258e-01 4.05628e-01 
7.24369e-01 4.04276e-01 
7.25481e-01 4.02940e-01 
7.26596e-01 4.01579e-01 
7.27712e-01 4.00250e-01 
7.28830e-01 3.98902e-01 
7.29950e-01 3.97566e-01 
7.31071e-01 3.96226e-01 
7.32194e-01 3.94898e-01 
7.33319e-01 3.93571e-01 
7.34445e-01 3.92244e-01 
7.35574e-01 3.90916e-01 
7.36704e-01 3.89585e-01 
7.37835e-01 3.88270e-01 
7.38969e-01 3.86955e-01 
7.40104e-01 3.85646e-01 
7.41241e-01 3.84320e-01 
7.42380e-01 3.83009e-01 
7.43520e-01 3.81699e-01 
7.44662e-01 3.80393e-01 
7.45806e-01 3.79089e-01 
7.46952e-01 3.77791e-01 
7.48099e-01 3.76481e-01 
7.49249e-01 3.75189e-01 
7.50400e-01 3.73887e-01 
7.51552e-01 3.72589e-01 
7.52707e-01 3.71295e-01 
7.53863e-01 3.70009e-01 
7.55021e-01 3.68713e-01 
7.56181e-01 3.67423e-01 
7.57343e-01 3.66141e-01 
7.58506e-01 3.64850e-01 
7.59671e-01 3.63569e-01 
7.60838e-01 3.62279e-01 
7.62007e-01 3.60994e-01 
7.63178e-01 3.59719e-01 
7.64350e-01 3.58442e-01 
7.65524e-01 3.57157e-01 
7.66700e-01 3.55878e-01 
7.67878e-01 3.54614e-01 
7.69058e-01 3.53330e-01 
7.70239e-01 3.52053e-01 
7.71423e-01 3.50789e-01 
7.72608e-01 3.49508e-01 
7.73795e-01 3.48238e-01 
7.74983e-01 3.46964e-01 
7.76174e-01 3.45705e-01 
7.77366e-01 3.44427e-01 
7.78560e-01 3.43163e-01 
7.79756e-01 3.41902e-01 
7.80954e-01 3.40622e-01 
7.82154e-01 3.39355e-01 
7.83355e-01 3.38088e-01 
7.84559e-01 3.36821e-01 
7.85764e-01 3.35554e-01 
7.86971e-01 3.34288e-01 
7.88180e-01 3.33023e-01 
7.89391e-01 3.31762e-01 
7.90604e-01 3.30485e-01 
7.91818e-01 3.29227e-01 
7.93035e-01 3.27957e-01 
7.94253e-01 3.26688e-01 
7.95473e-01 3.25421e-01 
7.96695e-01 3.24160e-01 
7.97919e-01 3.22890e-01 
7.99145e-01 3.21624e-01 
8.00372e-01 3.20344e-01 
8.01602e-01 3.19084e-01 
8.02833e-01 3.17817e-01 
8.04066e-01 3.16540e-01 
8.05302e-01 3.15267e-01 
8.06539e-01 3.14001e-01 
8.07778e-01 3.12729e-01 
8.09019e-01 3.11449e-01 
8.10262e-01 3.10175e-01 
8.11506e-01 3.08892e-01 
8.12753e-01 3.07616e-01 
8.14001e-01 3.06333e-01 
8.15252e-01 3.05058e-01 
8.16504e-01 3.03779e-01 
8.17759e-01 3.02496e-01 
8.19015e-01 3.01204e-01 
8.20273e-01 2.99927e-01 
8.21533e-01 2.98626e-01 
8.22795e-01 2.97332e-01 
8.24059e-01 2.96052e-01 
8.25325e-01 2.94754e-01 
8.26593e-01 2.93450e-01 
8.27863e-01 2.92159e-01 
8.29135e-01 2.90849e-01 
8.30408e-01 2.89549e-01 
8.31684e-01 2.88251e-01 
8.32962e-01 2.86933e-01 
8.34241e-01 2.85630e-01 
8.35523e-01 2.84311e-01 
8.36806e-01 2.82986e-01 
8.38092e-01 2.81676e-01 
8.39379e-01 2.80351e-01 
8.40669e-01 2.79029e-01 
8.41960e-01 2.77688e-01 
8.43254e-01 2.76363e-01 
8.44549e-01 2.75023e-01 
8.45846e-01 2.73682e-01 
8.47146e-01 2.72344e-01 
8.48447e-01 2.70990e-01 
8.49751e-01 2.69638e-01 
8.51056e-01 2.68288e-01 
8.52363e-01 2.66924e-01 
8.53673e-01 2.65558e-01 
8.54984e-01 2.64199e-01 
8.56298e-01 2.62829e-01 
8.57613e-01 2.61448e-01 
8.58930e-01 2.60069e-01 
8.60250e-01 2.58676e-01 
8.61571e-01 2.57288e-01 
8.62895e-01 2.55887e-01 
8.64221e-01 2.54492e-01 
8.65548e-01 2.53087e-01 
8.66878e-01 2.51674e-01 
8.68210e-01 2.50248e-01 
8.69543e-01 2.48827e-01 
8.70879e-01 2.47398e-01 
8.72217e-01 2.45957e-01 
8.73557e-01 2.44524e-01 
8.74899e-01 2.43067e-01 
8.76243e-01 2.41614e-01 
8.77589e-01 2.40155e-01 
8.78937e-01 2.38688e-01 
8.80287e-01 2.37209e-01 
8.81640e-01 2.35724e-01 
8.82994e-01 2.34234e-01 
8.84350e-01 2.32736e-01 
8.85709e-01 2.31231e-01 
8.87070e-01 2.29716e-01 
8.88432e-01 2.28192e-01 
8.89797e-01 2.26662e-01 
8.91164e-01 2.25124e-01 
8.92533e-01 2.23574e-01 
8.93904e-01 2.22017e-01 
8.95277e-01 2.20450e-01 
8.96653e-01 2.18874e-01 
8.98030e-01 2.17287e-01 
8.99410e-01 2.15690e-01 
9.00791e-01 2.14084e-01 
9.02175e-01 2.12467e-01 
9.03561e-01 2.10839e-01 
9.04949e-01 2.09199e-01 
9.06339e-01 2.07548e-01 
9.07732e-01 2.05886e-01 
9.09126e-01 2.04210e-01 
9.10523e-01 2.02523e-01 
9.11921e-01 2.00823e-01 
9.13322e-01 1.99109e-01 
9.14725e-01 1.97383e-01 
9.16131e-01 1.95642e-01 
9.17538e-01 1.93886e-01 
9.18947e-01 1.92117e-01 
9.20359e-01 1.90331e-01 
9.21773e-01 1.88530e-01 
9.23189e-01 1.86713e-01 
9.24607e-01 1.84880e-01 
9.26028e-01 1.83028e-01 
9.27450e-01 1.81159e-01 
9.28875e-01 1.79272e-01 
9.30302e-01 1.77365e-01 
9.31731e-01 1.75439e-01 
9.33162e-01 1.73494e-01 
9.34596e-01 1.71527e-01 
9.36032e-01 1.69537e-01 
9.37470e-01 1.67524e-01 
9.38910e-01 1.65491e-01 
9.40352e-01 1.63431e-01 
9.41797e-01 1.61347e-01 
9.43243e-01 1.59236e-01 
9.44692e-01 1.57097e-01 
9.46144e-01 1.54930e-01 
9.47597e-01 1.52734e-01 
9.49053e-01 1.50506e-01 
9.50511e-01 1.48246e-01 
9.51971e-01 1.45951e-01 
9.53433e-01 1.43621e-01 
9.54898e-01 1.41254e-01 
9.56365e-01 1.38847e-01 
9.57834e-01 1.36398e-01 
9.59306e-01 1.33906e-01 
9.60779e-01 1.31366e-01 
9.62255e-01 1.28781e-01 
9.63733e-01 1.26141e-01 
9.65214e-01 1.23445e-01 
9.66697e-01 1.20691e-01 
9.68182e-01 1.17873e-01 
9.69669e-01 1.14989e-01 
9.71159e-01 1.12030e-01 
9.72651e-01 1.08993e-01 
9.74145e-01 1.05870e-01 
9.75641e-01 1.02653e-01 
9.77140e-01 9.93328e-02 
9.78641e-01 9.58997e-02 
9.80144e-01 9.23405e-02 
9.81650e-01 8.86394e-02 
9.83158e-01 8.47805e-02 
9.84669e-01 8.07391e-02 
9.86181e-01 7.64860e-02 
9.87696e-01 7.19865e-02 
9.89213e-01 6.71887e-02 
9.90733e-01 6.20275e-02 
9.92255e-01 5.64029e-02 
9.93779e-01 5.01640e-02 
9.95306e-01 4.30528e-02 
9.96835e-01 3.45648e-02 
9.98366e-01 2.34102e-02 
9.99900e-01 1.89895e-03 
