1.00000e-02 -3.39915e+01 
1.00154e-02 -3.39896e+01 
1.00307e-02 -3.39874e+01 
1.00462e-02 -3.39849e+01 
1.00616e-02 -3.39830e+01 
1.00770e-02 -3.39805e+01 
1.00925e-02 -3.39781e+01 
1.01080e-02 -3.39757e+01 
1.01236e-02 -3.39729e+01 
1.01391e-02 -3.39708e+01 
1.01547e-02 -3.39677e+01 
1.01703e-02 -3.39651e+01 
1.01859e-02 -3.39623e+01 
1.02016e-02 -3.39594e+01 
1.02172e-02 -3.39571e+01 
1.02329e-02 -3.39538e+01 
1.02486e-02 -3.39510e+01 
1.02644e-02 -3.39480e+01 
1.02802e-02 -3.39445e+01 
1.02959e-02 -3.39420e+01 
1.03118e-02 -3.39382e+01 
1.03276e-02 -3.39353e+01 
1.03435e-02 -3.39318e+01 
1.03594e-02 -3.39281e+01 
1.03753e-02 -3.39251e+01 
1.03912e-02 -3.39217e+01 
1.04072e-02 -3.39181e+01 
1.04232e-02 -3.39144e+01 
1.04392e-02 -3.39110e+01 
1.04552e-02 -3.39071e+01 
1.04713e-02 -3.39035e+01 
1.04874e-02 -3.38994e+01 
1.05035e-02 -3.38958e+01 
1.05196e-02 -3.38921e+01 
1.05358e-02 -3.38879e+01 
1.05520e-02 -3.38841e+01 
1.05682e-02 -3.38798e+01 
1.05844e-02 -3.38760e+01 
1.06007e-02 -3.38716e+01 
1.06169e-02 -3.38676e+01 
1.06333e-02 -3.38631e+01 
1.06496e-02 -3.38587e+01 
1.06659e-02 -3.38548e+01 
1.06823e-02 -3.38500e+01 
1.06987e-02 -3.38461e+01 
1.07152e-02 -3.38410e+01 
1.07316e-02 -3.38365e+01 
1.07481e-02 -3.38321e+01 
1.07646e-02 -3.38274e+01 
1.07812e-02 -3.38224e+01 
1.07977e-02 -3.38180e+01 
1.08143e-02 -3.38127e+01 
1.08309e-02 -3.38082e+01 
1.08476e-02 -3.38032e+01 
1.08642e-02 -3.37981e+01 
1.08809e-02 -3.37933e+01 
1.08976e-02 -3.37881e+01 
1.09144e-02 -3.37830e+01 
1.09311e-02 -3.37777e+01 
1.09479e-02 -3.37729e+01 
1.09648e-02 -3.37670e+01 
1.09816e-02 -3.37619e+01 
1.09985e-02 -3.37564e+01 
1.10154e-02 -3.37508e+01 
1.10323e-02 -3.37456e+01 
1.10492e-02 -3.37402e+01 
1.10662e-02 -3.37347e+01 
1.10832e-02 -3.37290e+01 
1.11002e-02 -3.37233e+01 
1.11173e-02 -3.37175e+01 
1.11344e-02 -3.37117e+01 
1.11515e-02 -3.37057e+01 
1.11686e-02 -3.37001e+01 
1.11858e-02 -3.36940e+01 
1.12029e-02 -3.36884e+01 
1.12202e-02 -3.36820e+01 
1.12374e-02 -3.36763e+01 
1.12547e-02 -3.36699e+01 
1.12719e-02 -3.36640e+01 
1.12893e-02 -3.36577e+01 
1.13066e-02 -3.36517e+01 
1.13240e-02 -3.36452e+01 
1.13414e-02 -3.36387e+01 
1.13588e-02 -3.36325e+01 
1.13762e-02 -3.36262e+01 
1.13937e-02 -3.36198e+01 
1.14112e-02 -3.36134e+01 
1.14288e-02 -3.36064e+01 
1.14463e-02 -3.35999e+01 
1.14639e-02 -3.35933e+01 
1.14815e-02 -3.35866e+01 
1.14991e-02 -3.35800e+01 
1.15168e-02 -3.35733e+01 
1.15345e-02 -3.35663e+01 
1.15522e-02 -3.35596e+01 
1.15700e-02 -3.35524e+01 
1.15877e-02 -3.35457e+01 
1.16055e-02 -3.35388e+01 
1.16234e-02 -3.35314e+01 
1.16412e-02 -3.35243e+01 
1.16591e-02 -3.35175e+01 
1.16770e-02 -3.35101e+01 
1.16950e-02 -3.35026e+01 
1.17129e-02 -3.34956e+01 
1.17309e-02 -3.34884e+01 
1.17489e-02 -3.34812e+01 
1.17670e-02 -3.34734e+01 
1.17851e-02 -3.34661e+01 
1.18032e-02 -3.34584e+01 
1.18213e-02 -3.34511e+01 
1.18395e-02 -3.34435e+01 
1.18576e-02 -3.34362e+01 
1.18759e-02 -3.34281e+01 
1.18941e-02 -3.34206e+01 
1.19124e-02 -3.34129e+01 
1.19307e-02 -3.34049e+01 
1.19490e-02 -3.33973e+01 
1.19674e-02 -3.33894e+01 
1.19857e-02 -3.33818e+01 
1.20042e-02 -3.33734e+01 
1.20226e-02 -3.33658e+01 
1.20411e-02 -3.33575e+01 
1.20596e-02 -3.33492e+01 
1.20781e-02 -3.33415e+01 
1.20966e-02 -3.33333e+01 
1.21152e-02 -3.33252e+01 
1.21338e-02 -3.33170e+01 
1.21525e-02 -3.33086e+01 
1.21711e-02 -3.33005e+01 
1.21898e-02 -3.32919e+01 
1.22086e-02 -3.32837e+01 
1.22273e-02 -3.32751e+01 
1.22461e-02 -3.32667e+01 
1.22649e-02 -3.32582e+01 
1.22838e-02 -3.32496e+01 
1.23026e-02 -3.32409e+01 
1.23215e-02 -3.32326e+01 
1.23405e-02 -3.32235e+01 
1.23594e-02 -3.32153e+01 
1.23784e-02 -3.32062e+01 
1.23974e-02 -3.31975e+01 
1.24165e-02 -3.31886e+01 
1.24355e-02 -3.31803e+01 
1.24546e-02 -3.31710e+01 
1.24738e-02 -3.31620e+01 
1.24929e-02 -3.31532e+01 
1.25121e-02 -3.31442e+01 
1.25314e-02 -3.31349e+01 
1.25506e-02 -3.31259e+01 
1.25699e-02 -3.31167e+01 
1.25892e-02 -3.31077e+01 
1.26085e-02 -3.30985e+01 
1.26279e-02 -3.30892e+01 
1.26473e-02 -3.30799e+01 
1.26667e-02 -3.30706e+01 
1.26862e-02 -3.30612e+01 
1.27057e-02 -3.30518e+01 
1.27252e-02 -3.30427e+01 
1.27447e-02 -3.30331e+01 
1.27643e-02 -3.30237e+01 
1.27839e-02 -3.30139e+01 
1.28036e-02 -3.30045e+01 
1.28232e-02 -3.29950e+01 
1.28429e-02 -3.29854e+01 
1.28627e-02 -3.29755e+01 
1.28824e-02 -3.29659e+01 
1.29022e-02 -3.29561e+01 
1.29220e-02 -3.29466e+01 
1.29419e-02 -3.29366e+01 
1.29618e-02 -3.29264e+01 
1.29817e-02 -3.29168e+01 
1.30016e-02 -3.29073e+01 
1.30216e-02 -3.28969e+01 
1.30416e-02 -3.28871e+01 
1.30616e-02 -3.28771e+01 
1.30817e-02 -3.28669e+01 
1.31018e-02 -3.28568e+01 
1.31219e-02 -3.28469e+01 
1.31421e-02 -3.28363e+01 
1.31623e-02 -3.28266e+01 
1.31825e-02 -3.28160e+01 
1.32027e-02 -3.28061e+01 
1.32230e-02 -3.27957e+01 
1.32433e-02 -3.27853e+01 
1.32637e-02 -3.27747e+01 
1.32841e-02 -3.27645e+01 
1.33045e-02 -3.27540e+01 
1.33249e-02 -3.27438e+01 
1.33454e-02 -3.27332e+01 
1.33659e-02 -3.27225e+01 
1.33864e-02 -3.27122e+01 
1.34070e-02 -3.27012e+01 
1.34276e-02 -3.26910e+01 
1.34482e-02 -3.26803e+01 
1.34689e-02 -3.26694e+01 
1.34895e-02 -3.26588e+01 
1.35103e-02 -3.26481e+01 
1.35310e-02 -3.26373e+01 
1.35518e-02 -3.26266e+01 
1.35726e-02 -3.26159e+01 
1.35935e-02 -3.26045e+01 
1.36144e-02 -3.25937e+01 
1.36353e-02 -3.25830e+01 
1.36562e-02 -3.25720e+01 
1.36772e-02 -3.25611e+01 
1.36982e-02 -3.25499e+01 
1.37192e-02 -3.25389e+01 
1.37403e-02 -3.25281e+01 
1.37614e-02 -3.25165e+01 
1.37826e-02 -3.25054e+01 
1.38037e-02 -3.24945e+01 
1.38250e-02 -3.24832e+01 
1.38462e-02 -3.24716e+01 
1.38675e-02 -3.24606e+01 
1.38888e-02 -3.24492e+01 
1.39101e-02 -3.24378e+01 
1.39315e-02 -3.24267e+01 
1.39529e-02 -3.24151e+01 
1.39743e-02 -3.24036e+01 
1.39958e-02 -3.23922e+01 
1.40173e-02 -3.23808e+01 
1.40388e-02 -3.23692e+01 
1.40604e-02 -3.23577e+01 
1.40820e-02 -3.23462e+01 
1.41036e-02 -3.23345e+01 
1.41253e-02 -3.23231e+01 
1.41470e-02 -3.23110e+01 
1.41687e-02 -3.22998e+01 
1.41905e-02 -3.22878e+01 
1.42123e-02 -3.22761e+01 
1.42341e-02 -3.22645e+01 
1.42560e-02 -3.22524e+01 
1.42779e-02 -3.22407e+01 
1.42998e-02 -3.22289e+01 
1.43218e-02 -3.22170e+01 
1.43438e-02 -3.22052e+01 
1.43658e-02 -3.21931e+01 
1.43879e-02 -3.21811e+01 
1.44100e-02 -3.21692e+01 
1.44321e-02 -3.21573e+01 
1.44543e-02 -3.21450e+01 
1.44765e-02 -3.21332e+01 
1.44987e-02 -3.21209e+01 
1.45210e-02 -3.21088e+01 
1.45433e-02 -3.20967e+01 
1.45656e-02 -3.20846e+01 
1.45880e-02 -3.20724e+01 
1.46104e-02 -3.20602e+01 
1.46329e-02 -3.20478e+01 
1.46554e-02 -3.20352e+01 
1.46779e-02 -3.20232e+01 
1.47004e-02 -3.20108e+01 
1.47230e-02 -3.19986e+01 
1.47456e-02 -3.19860e+01 
1.47683e-02 -3.19738e+01 
1.47910e-02 -3.19610e+01 
1.48137e-02 -3.19486e+01 
1.48364e-02 -3.19365e+01 
1.48592e-02 -3.19237e+01 
1.48821e-02 -3.19110e+01 
1.49049e-02 -3.18988e+01 
1.49278e-02 -3.18859e+01 
1.49507e-02 -3.18736e+01 
1.49737e-02 -3.18608e+01 
1.49967e-02 -3.18479e+01 
1.50198e-02 -3.18353e+01 
1.50428e-02 -3.18227e+01 
1.50659e-02 -3.18099e+01 
1.50891e-02 -3.17970e+01 
1.51123e-02 -3.17844e+01 
1.51355e-02 -3.17713e+01 
1.51587e-02 -3.17588e+01 
1.51820e-02 -3.17456e+01 
1.52053e-02 -3.17329e+01 
1.52287e-02 -3.17199e+01 
1.52521e-02 -3.17072e+01 
1.52755e-02 -3.16939e+01 
1.52990e-02 -3.16811e+01 
1.53225e-02 -3.16680e+01 
1.53460e-02 -3.16550e+01 
1.53696e-02 -3.16418e+01 
1.53932e-02 -3.16290e+01 
1.54169e-02 -3.16156e+01 
1.54405e-02 -3.16026e+01 
1.54643e-02 -3.15892e+01 
1.54880e-02 -3.15763e+01 
1.55118e-02 -3.15631e+01 
1.55356e-02 -3.15501e+01 
1.55595e-02 -3.15366e+01 
1.55834e-02 -3.15233e+01 
1.56073e-02 -3.15100e+01 
1.56313e-02 -3.14968e+01 
1.56553e-02 -3.14834e+01 
1.56794e-02 -3.14701e+01 
1.57035e-02 -3.14566e+01 
1.57276e-02 -3.14431e+01 
1.57518e-02 -3.14297e+01 
1.57760e-02 -3.14162e+01 
1.58002e-02 -3.14030e+01 
1.58245e-02 -3.13892e+01 
1.58488e-02 -3.13756e+01 
1.58731e-02 -3.13624e+01 
1.58975e-02 -3.13490e+01 
1.59219e-02 -3.13352e+01 
1.59464e-02 -3.13214e+01 
1.59709e-02 -3.13079e+01 
1.59954e-02 -3.12945e+01 
1.60200e-02 -3.12806e+01 
1.60446e-02 -3.12671e+01 
1.60692e-02 -3.12533e+01 
1.60939e-02 -3.12397e+01 
1.61187e-02 -3.12257e+01 
1.61434e-02 -3.12121e+01 
1.61682e-02 -3.11982e+01 
1.61931e-02 -3.11843e+01 
1.62179e-02 -3.11708e+01 
1.62428e-02 -3.11571e+01 
1.62678e-02 -3.11429e+01 
1.62928e-02 -3.11288e+01 
1.63178e-02 -3.11153e+01 
1.63429e-02 -3.11012e+01 
1.63680e-02 -3.10871e+01 
1.63931e-02 -3.10735e+01 
1.64183e-02 -3.10593e+01 
1.64435e-02 -3.10454e+01 
1.64688e-02 -3.10314e+01 
1.64941e-02 -3.10171e+01 
1.65194e-02 -3.10032e+01 
1.65448e-02 -3.09891e+01 
1.65702e-02 -3.09751e+01 
1.65957e-02 -3.09607e+01 
1.66212e-02 -3.09466e+01 
1.66467e-02 -3.09326e+01 
1.66723e-02 -3.09184e+01 
1.66979e-02 -3.09042e+01 
1.67236e-02 -3.08897e+01 
1.67492e-02 -3.08760e+01 
1.67750e-02 -3.08613e+01 
1.68007e-02 -3.08472e+01 
1.68266e-02 -3.08328e+01 
1.68524e-02 -3.08186e+01 
1.68783e-02 -3.08043e+01 
1.69042e-02 -3.07900e+01 
1.69302e-02 -3.07756e+01 
1.69562e-02 -3.07610e+01 
1.69822e-02 -3.07470e+01 
1.70083e-02 -3.07325e+01 
1.70345e-02 -3.07177e+01 
1.70606e-02 -3.07036e+01 
1.70868e-02 -3.06889e+01 
1.71131e-02 -3.06746e+01 
1.71394e-02 -3.06598e+01 
1.71657e-02 -3.06456e+01 
1.71921e-02 -3.06310e+01 
1.72185e-02 -3.06164e+01 
1.72449e-02 -3.06016e+01 
1.72714e-02 -3.05873e+01 
1.72980e-02 -3.05726e+01 
1.73245e-02 -3.05583e+01 
1.73511e-02 -3.05433e+01 
1.73778e-02 -3.05285e+01 
1.74045e-02 -3.05141e+01 
1.74312e-02 -3.04992e+01 
1.74580e-02 -3.04846e+01 
1.74848e-02 -3.04700e+01 
1.75117e-02 -3.04554e+01 
1.75386e-02 -3.04402e+01 
1.75655e-02 -3.04257e+01 
1.75925e-02 -3.04106e+01 
1.76195e-02 -3.03961e+01 
1.76466e-02 -3.03814e+01 
1.76737e-02 -3.03662e+01 
1.77009e-02 -3.03515e+01 
1.77281e-02 -3.03365e+01 
1.77553e-02 -3.03219e+01 
1.77826e-02 -3.03068e+01 
1.78099e-02 -3.02919e+01 
1.78372e-02 -3.02769e+01 
1.78647e-02 -3.02620e+01 
1.78921e-02 -3.02470e+01 
1.79196e-02 -3.02319e+01 
1.79471e-02 -3.02171e+01 
1.79747e-02 -3.02020e+01 
1.80023e-02 -3.01871e+01 
1.80299e-02 -3.01720e+01 
1.80576e-02 -3.01569e+01 
1.80854e-02 -3.01419e+01 
1.81132e-02 -3.01266e+01 
1.81410e-02 -3.01117e+01 
1.81689e-02 -3.00964e+01 
1.81968e-02 -3.00814e+01 
1.82247e-02 -3.00663e+01 
1.82527e-02 -3.00512e+01 
1.82808e-02 -3.00358e+01 
1.83088e-02 -3.00206e+01 
1.83370e-02 -3.00057e+01 
1.83651e-02 -2.99904e+01 
1.83934e-02 -2.99749e+01 
1.84216e-02 -2.99599e+01 
1.84499e-02 -2.99444e+01 
1.84783e-02 -2.99292e+01 
1.85066e-02 -2.99142e+01 
1.85351e-02 -2.98988e+01 
1.85635e-02 -2.98832e+01 
1.85921e-02 -2.98681e+01 
1.86206e-02 -2.98527e+01 
1.86492e-02 -2.98375e+01 
1.86779e-02 -2.98221e+01 
1.87066e-02 -2.98065e+01 
1.87353e-02 -2.97912e+01 
1.87641e-02 -2.97758e+01 
1.87929e-02 -2.97603e+01 
1.88218e-02 -2.97452e+01 
1.88507e-02 -2.97295e+01 
1.88797e-02 -2.97138e+01 
1.89087e-02 -2.96987e+01 
1.89377e-02 -2.96830e+01 
1.89668e-02 -2.96676e+01 
1.89959e-02 -2.96521e+01 
1.90251e-02 -2.96366e+01 
1.90543e-02 -2.96209e+01 
1.90836e-02 -2.96054e+01 
1.91129e-02 -2.95901e+01 
1.91423e-02 -2.95742e+01 
1.91717e-02 -2.95587e+01 
1.92011e-02 -2.95432e+01 
1.92306e-02 -2.95273e+01 
1.92602e-02 -2.95119e+01 
1.92898e-02 -2.94963e+01 
1.93194e-02 -2.94804e+01 
1.93491e-02 -2.94650e+01 
1.93788e-02 -2.94490e+01 
1.94086e-02 -2.94333e+01 
1.94384e-02 -2.94180e+01 
1.94683e-02 -2.94019e+01 
1.94982e-02 -2.93865e+01 
1.95281e-02 -2.93705e+01 
1.95581e-02 -2.93550e+01 
1.95882e-02 -2.93389e+01 
1.96183e-02 -2.93234e+01 
1.96484e-02 -2.93073e+01 
1.96786e-02 -2.92918e+01 
1.97088e-02 -2.92760e+01 
1.97391e-02 -2.92601e+01 
1.97694e-02 -2.92443e+01 
1.97998e-02 -2.92283e+01 
1.98302e-02 -2.92125e+01 
1.98607e-02 -2.91968e+01 
1.98912e-02 -2.91806e+01 
1.99217e-02 -2.91650e+01 
1.99523e-02 -2.91491e+01 
1.99830e-02 -2.91331e+01 
2.00137e-02 -2.91174e+01 
2.00444e-02 -2.91011e+01 
2.00752e-02 -2.90854e+01 
2.01060e-02 -2.90694e+01 
2.01369e-02 -2.90534e+01 
2.01679e-02 -2.90375e+01 
2.01989e-02 -2.90214e+01 
2.02299e-02 -2.90054e+01 
2.02610e-02 -2.89895e+01 
2.02921e-02 -2.89732e+01 
2.03233e-02 -2.89576e+01 
2.03545e-02 -2.89412e+01 
2.03857e-02 -2.89254e+01 
2.04171e-02 -2.89091e+01 
2.04484e-02 -2.88933e+01 
2.04798e-02 -2.88771e+01 
2.05113e-02 -2.88609e+01 
2.05428e-02 -2.88449e+01 
2.05744e-02 -2.88287e+01 
2.06060e-02 -2.88125e+01 
2.06376e-02 -2.87969e+01 
2.06693e-02 -2.87803e+01 
2.07011e-02 -2.87642e+01 
2.07329e-02 -2.87479e+01 
2.07647e-02 -2.87320e+01 
2.07966e-02 -2.87159e+01 
2.08286e-02 -2.86995e+01 
2.08606e-02 -2.86832e+01 
2.08926e-02 -2.86671e+01 
2.09247e-02 -2.86510e+01 
2.09569e-02 -2.86346e+01 
2.09891e-02 -2.86184e+01 
2.10213e-02 -2.86021e+01 
2.10536e-02 -2.85859e+01 
2.10859e-02 -2.85698e+01 
2.11183e-02 -2.85534e+01 
2.11508e-02 -2.85371e+01 
2.11833e-02 -2.85206e+01 
2.12158e-02 -2.85045e+01 
2.12484e-02 -2.84882e+01 
2.12810e-02 -2.84718e+01 
2.13137e-02 -2.84555e+01 
2.13465e-02 -2.84392e+01 
2.13793e-02 -2.84226e+01 
2.14121e-02 -2.84067e+01 
2.14450e-02 -2.83901e+01 
2.14779e-02 -2.83735e+01 
2.15109e-02 -2.83575e+01 
2.15440e-02 -2.83408e+01 
2.15771e-02 -2.83245e+01 
2.16102e-02 -2.83082e+01 
2.16434e-02 -2.82915e+01 
2.16767e-02 -2.82754e+01 
2.17100e-02 -2.82587e+01 
2.17433e-02 -2.82424e+01 
2.17767e-02 -2.82259e+01 
2.18102e-02 -2.82095e+01 
2.18437e-02 -2.81930e+01 
2.18772e-02 -2.81764e+01 
2.19109e-02 -2.81598e+01 
2.19445e-02 -2.81437e+01 
2.19782e-02 -2.81269e+01 
2.20120e-02 -2.81103e+01 
2.20458e-02 -2.80939e+01 
2.20797e-02 -2.80773e+01 
2.21136e-02 -2.80608e+01 
2.21476e-02 -2.80443e+01 
2.21816e-02 -2.80277e+01 
2.22157e-02 -2.80111e+01 
2.22498e-02 -2.79946e+01 
2.22840e-02 -2.79780e+01 
2.23182e-02 -2.79614e+01 
2.23525e-02 -2.79448e+01 
2.23868e-02 -2.79282e+01 
2.24212e-02 -2.79118e+01 
2.24557e-02 -2.78948e+01 
2.24902e-02 -2.78782e+01 
2.25247e-02 -2.78616e+01 
2.25593e-02 -2.78452e+01 
2.25940e-02 -2.78285e+01 
2.26287e-02 -2.78115e+01 
2.26634e-02 -2.77952e+01 
2.26982e-02 -2.77785e+01 
2.27331e-02 -2.77617e+01 
2.27680e-02 -2.77453e+01 
2.28030e-02 -2.77282e+01 
2.28380e-02 -2.77118e+01 
2.28731e-02 -2.76950e+01 
2.29083e-02 -2.76781e+01 
2.29435e-02 -2.76613e+01 
2.29787e-02 -2.76448e+01 
2.30140e-02 -2.76277e+01 
2.30494e-02 -2.76114e+01 
2.30848e-02 -2.75943e+01 
2.31202e-02 -2.75776e+01 
2.31557e-02 -2.75619e+01 
2.31913e-02 -2.75445e+01 
2.32269e-02 -2.75257e+01 
2.32626e-02 -2.75098e+01 
2.32984e-02 -2.74938e+01 
2.33342e-02 -2.74778e+01 
2.33700e-02 -2.74616e+01 
2.34059e-02 -2.74426e+01 
2.34419e-02 -2.74264e+01 
2.34779e-02 -2.74077e+01 
2.35139e-02 -2.73945e+01 
2.35501e-02 -2.73754e+01 
2.35862e-02 -2.73594e+01 
2.36225e-02 -2.73430e+01 
2.36588e-02 -2.73240e+01 
2.36951e-02 -2.73081e+01 
2.37315e-02 -2.72920e+01 
2.37680e-02 -2.72756e+01 
2.38045e-02 -2.72565e+01 
2.38410e-02 -2.72406e+01 
2.38777e-02 -2.72244e+01 
2.39143e-02 -2.72080e+01 
2.39511e-02 -2.71889e+01 
2.39879e-02 -2.71728e+01 
2.40247e-02 -2.71566e+01 
2.40616e-02 -2.71402e+01 
2.40986e-02 -2.71210e+01 
2.41356e-02 -2.71049e+01 
2.41727e-02 -2.70887e+01 
2.42098e-02 -2.70723e+01 
2.42470e-02 -2.70531e+01 
2.42843e-02 -2.70369e+01 
2.43216e-02 -2.70206e+01 
2.43589e-02 -2.70043e+01 
2.43964e-02 -2.69852e+01 
2.44338e-02 -2.69717e+01 
2.44714e-02 -2.69521e+01 
2.45090e-02 -2.69331e+01 
2.45466e-02 -2.69196e+01 
2.45843e-02 -2.69004e+01 
2.46221e-02 -2.68840e+01 
2.46599e-02 -2.68675e+01 
2.46978e-02 -2.68485e+01 
2.47357e-02 -2.68349e+01 
2.47737e-02 -2.68156e+01 
2.48118e-02 -2.67991e+01 
2.48499e-02 -2.67825e+01 
2.48881e-02 -2.67632e+01 
2.49263e-02 -2.67469e+01 
2.49646e-02 -2.67305e+01 
2.50030e-02 -2.67140e+01 
2.50414e-02 -2.66973e+01 
2.50798e-02 -2.66780e+01 
2.51184e-02 -2.66615e+01 
2.51569e-02 -2.66449e+01 
2.51956e-02 -2.66258e+01 
2.52343e-02 -2.66120e+01 
2.52731e-02 -2.65926e+01 
2.53119e-02 -2.65762e+01 
2.53508e-02 -2.65596e+01 
2.53897e-02 -2.65429e+01 
2.54287e-02 -2.65234e+01 
2.54678e-02 -2.65069e+01 
2.55069e-02 -2.64904e+01 
2.55461e-02 -2.64737e+01 
2.55853e-02 -2.64544e+01 
2.56246e-02 -2.64406e+01 
2.56640e-02 -2.64209e+01 
2.57034e-02 -2.64042e+01 
2.57429e-02 -2.63849e+01 
2.57825e-02 -2.63710e+01 
2.58221e-02 -2.63515e+01 
2.58617e-02 -2.63350e+01 
2.59015e-02 -2.63182e+01 
2.59413e-02 -2.63013e+01 
2.59811e-02 -2.62818e+01 
2.60210e-02 -2.62653e+01 
2.60610e-02 -2.62487e+01 
2.61010e-02 -2.62320e+01 
2.61411e-02 -2.62152e+01 
2.61813e-02 -2.61957e+01 
2.62215e-02 -2.61817e+01 
2.62618e-02 -2.61620e+01 
2.63021e-02 -2.61451e+01 
2.63425e-02 -2.61257e+01 
2.63830e-02 -2.61117e+01 
2.64235e-02 -2.60920e+01 
2.64641e-02 -2.60753e+01 
2.65048e-02 -2.60585e+01 
2.65455e-02 -2.60415e+01 
2.65863e-02 -2.60219e+01 
2.66271e-02 -2.60054e+01 
2.66680e-02 -2.59913e+01 
2.67090e-02 -2.59712e+01 
2.67500e-02 -2.59518e+01 
2.67911e-02 -2.59377e+01 
2.68323e-02 -2.59179e+01 
2.68735e-02 -2.59012e+01 
2.69148e-02 -2.58844e+01 
2.69561e-02 -2.58675e+01 
2.69975e-02 -2.58504e+01 
2.70390e-02 -2.58306e+01 
2.70805e-02 -2.58139e+01 
2.71221e-02 -2.57970e+01 
2.71638e-02 -2.57802e+01 
2.72055e-02 -2.57632e+01 
2.72473e-02 -2.57460e+01 
2.72892e-02 -2.57261e+01 
2.73311e-02 -2.57093e+01 
2.73731e-02 -2.56924e+01 
2.74151e-02 -2.56753e+01 
2.74573e-02 -2.56555e+01 
2.74994e-02 -2.56414e+01 
2.75417e-02 -2.56215e+01 
2.75840e-02 -2.56046e+01 
2.76264e-02 -2.55876e+01 
2.76688e-02 -2.55704e+01 
2.77113e-02 -2.55507e+01 
2.77539e-02 -2.55364e+01 
2.77965e-02 -2.55164e+01 
2.78392e-02 -2.54994e+01 
2.78820e-02 -2.54822e+01 
2.79248e-02 -2.54625e+01 
2.79677e-02 -2.54482e+01 
2.80107e-02 -2.54282e+01 
2.80537e-02 -2.54112e+01 
2.80968e-02 -2.53942e+01 
2.81400e-02 -2.53771e+01 
2.81832e-02 -2.53598e+01 
2.82265e-02 -2.53400e+01 
2.82699e-02 -2.53256e+01 
2.83133e-02 -2.53055e+01 
2.83568e-02 -2.52884e+01 
2.84003e-02 -2.52711e+01 
2.84440e-02 -2.52513e+01 
2.84877e-02 -2.52369e+01 
2.85314e-02 -2.52168e+01 
2.85753e-02 -2.51997e+01 
2.86192e-02 -2.51825e+01 
2.86631e-02 -2.51652e+01 
2.87071e-02 -2.51453e+01 
2.87512e-02 -2.51309e+01 
2.87954e-02 -2.51107e+01 
2.88397e-02 -2.50936e+01 
2.88840e-02 -2.50764e+01 
2.89283e-02 -2.50592e+01 
2.89728e-02 -2.50417e+01 
2.90173e-02 -2.50215e+01 
2.90619e-02 -2.50044e+01 
2.91065e-02 -2.49872e+01 
2.91512e-02 -2.49700e+01 
2.91960e-02 -2.49527e+01 
2.92408e-02 -2.49353e+01 
2.92858e-02 -2.49152e+01 
2.93308e-02 -2.49007e+01 
2.93758e-02 -2.48804e+01 
2.94209e-02 -2.48631e+01 
2.94661e-02 -2.48456e+01 
2.95114e-02 -2.48256e+01 
2.95567e-02 -2.48111e+01 
2.96021e-02 -2.47908e+01 
2.96476e-02 -2.47735e+01 
2.96932e-02 -2.47562e+01 
2.97388e-02 -2.47388e+01 
2.97845e-02 -2.47212e+01 
2.98302e-02 -2.47012e+01 
2.98760e-02 -2.46866e+01 
2.99219e-02 -2.46663e+01 
2.99679e-02 -2.46489e+01 
3.00139e-02 -2.46315e+01 
3.00600e-02 -2.46139e+01 
3.01062e-02 -2.45938e+01 
3.01525e-02 -2.45791e+01 
3.01988e-02 -2.45587e+01 
3.02452e-02 -2.45413e+01 
3.02916e-02 -2.45239e+01 
3.03382e-02 -2.45062e+01 
3.03848e-02 -2.44861e+01 
3.04315e-02 -2.44713e+01 
3.04782e-02 -2.44510e+01 
3.05250e-02 -2.44335e+01 
3.05719e-02 -2.44161e+01 
3.06189e-02 -2.43985e+01 
3.06659e-02 -2.43808e+01 
3.07130e-02 -2.43603e+01 
3.07602e-02 -2.43429e+01 
3.08075e-02 -2.43254e+01 
3.08548e-02 -2.43080e+01 
3.09022e-02 -2.42904e+01 
3.09497e-02 -2.42726e+01 
3.09972e-02 -2.42524e+01 
3.10448e-02 -2.42376e+01 
3.10925e-02 -2.42171e+01 
3.11403e-02 -2.41995e+01 
3.11881e-02 -2.41819e+01 
3.12360e-02 -2.41641e+01 
3.12840e-02 -2.41438e+01 
3.13321e-02 -2.41289e+01 
3.13802e-02 -2.41084e+01 
3.14284e-02 -2.40908e+01 
3.14767e-02 -2.40729e+01 
3.15251e-02 -2.40526e+01 
3.15735e-02 -2.40378e+01 
3.16220e-02 -2.40174e+01 
3.16706e-02 -2.40025e+01 
3.17192e-02 -2.39818e+01 
3.17679e-02 -2.39640e+01 
3.18167e-02 -2.39436e+01 
3.18656e-02 -2.39288e+01 
3.19146e-02 -2.39083e+01 
3.19636e-02 -2.38933e+01 
3.20127e-02 -2.38726e+01 
3.20619e-02 -2.38547e+01 
3.21111e-02 -2.38343e+01 
3.21605e-02 -2.38193e+01 
3.22099e-02 -2.37989e+01 
3.22594e-02 -2.37838e+01 
3.23089e-02 -2.37631e+01 
3.23585e-02 -2.37451e+01 
3.24082e-02 -2.37247e+01 
3.24580e-02 -2.37097e+01 
3.25079e-02 -2.36889e+01 
3.25578e-02 -2.36713e+01 
3.26079e-02 -2.36535e+01 
3.26579e-02 -2.36358e+01 
3.27081e-02 -2.36179e+01 
3.27584e-02 -2.35997e+01 
3.28087e-02 -2.35790e+01 
3.28591e-02 -2.35612e+01 
3.29096e-02 -2.35434e+01 
3.29601e-02 -2.35255e+01 
3.30108e-02 -2.35074e+01 
3.30615e-02 -2.34866e+01 
3.31123e-02 -2.34688e+01 
3.31631e-02 -2.34511e+01 
3.32141e-02 -2.34332e+01 
3.32651e-02 -2.34152e+01 
3.33162e-02 -2.33971e+01 
3.33674e-02 -2.33762e+01 
3.34186e-02 -2.33584e+01 
3.34700e-02 -2.33405e+01 
3.35214e-02 -2.33226e+01 
3.35729e-02 -2.33044e+01 
3.36245e-02 -2.32837e+01 
3.36761e-02 -2.32685e+01 
3.37278e-02 -2.32476e+01 
3.37797e-02 -2.32294e+01 
3.38315e-02 -2.32088e+01 
3.38835e-02 -2.31936e+01 
3.39356e-02 -2.31728e+01 
3.39877e-02 -2.31575e+01 
3.40399e-02 -2.31363e+01 
3.40922e-02 -2.31156e+01 
3.41446e-02 -2.31003e+01 
3.41970e-02 -2.30794e+01 
3.42496e-02 -2.30614e+01 
3.43022e-02 -2.30434e+01 
3.43549e-02 -2.30254e+01 
3.44077e-02 -2.30071e+01 
3.44605e-02 -2.29863e+01 
3.45134e-02 -2.29709e+01 
3.45665e-02 -2.29496e+01 
3.46196e-02 -2.29288e+01 
3.46727e-02 -2.29136e+01 
3.47260e-02 -2.28927e+01 
3.47794e-02 -2.28770e+01 
3.48328e-02 -2.28533e+01 
3.48863e-02 -2.28382e+01 
3.49399e-02 -2.28198e+01 
3.49936e-02 -2.27987e+01 
3.50473e-02 -2.27807e+01 
3.51012e-02 -2.27625e+01 
3.51551e-02 -2.27443e+01 
3.52091e-02 -2.27259e+01 
3.52632e-02 -2.27047e+01 
3.53173e-02 -2.26866e+01 
3.53716e-02 -2.26682e+01 
3.54259e-02 -2.26473e+01 
3.54804e-02 -2.26318e+01 
3.55349e-02 -2.26106e+01 
3.55895e-02 -2.25924e+01 
3.56441e-02 -2.25740e+01 
3.56989e-02 -2.25530e+01 
3.57537e-02 -2.25375e+01 
3.58087e-02 -2.25160e+01 
3.58637e-02 -2.24951e+01 
3.59188e-02 -2.24796e+01 
3.59739e-02 -2.24587e+01 
3.60292e-02 -2.24430e+01 
3.60845e-02 -2.24215e+01 
3.61400e-02 -2.24005e+01 
3.61955e-02 -2.23849e+01 
3.62511e-02 -2.23636e+01 
3.63068e-02 -2.23451e+01 
3.63626e-02 -2.23241e+01 
3.64184e-02 -2.23085e+01 
3.64744e-02 -2.22872e+01 
3.65304e-02 -2.22689e+01 
3.65865e-02 -2.22502e+01 
3.66427e-02 -2.22290e+01 
3.66990e-02 -2.22107e+01 
3.67554e-02 -2.21923e+01 
3.68119e-02 -2.21739e+01 
3.68684e-02 -2.21552e+01 
3.69250e-02 -2.21338e+01 
3.69818e-02 -2.21151e+01 
3.70386e-02 -2.20940e+01 
3.70955e-02 -2.20783e+01 
3.71525e-02 -2.20569e+01 
3.72095e-02 -2.20383e+01 
3.72667e-02 -2.20171e+01 
3.73239e-02 -2.20013e+01 
3.73813e-02 -2.19796e+01 
3.74387e-02 -2.19585e+01 
3.74962e-02 -2.19428e+01 
3.75538e-02 -2.19213e+01 
3.76115e-02 -2.19028e+01 
3.76693e-02 -2.18840e+01 
3.77272e-02 -2.18625e+01 
3.77851e-02 -2.18441e+01 
3.78432e-02 -2.18253e+01 
3.79013e-02 -2.18041e+01 
3.79595e-02 -2.17882e+01 
3.80178e-02 -2.17664e+01 
3.80762e-02 -2.17449e+01 
3.81347e-02 -2.17264e+01 
3.81933e-02 -2.17079e+01 
3.82520e-02 -2.16892e+01 
3.83108e-02 -2.16703e+01 
3.83696e-02 -2.16485e+01 
3.84285e-02 -2.16272e+01 
3.84876e-02 -2.16113e+01 
3.85467e-02 -2.15897e+01 
3.86059e-02 -2.15709e+01 
3.86652e-02 -2.15495e+01 
3.87246e-02 -2.15335e+01 
3.87841e-02 -2.15116e+01 
3.88437e-02 -2.14900e+01 
3.89034e-02 -2.14714e+01 
3.89631e-02 -2.14527e+01 
3.90230e-02 -2.14337e+01 
3.90829e-02 -2.14121e+01 
3.91430e-02 -2.13931e+01 
3.92031e-02 -2.13718e+01 
3.92633e-02 -2.13557e+01 
3.93236e-02 -2.13337e+01 
3.93841e-02 -2.13120e+01 
3.94446e-02 -2.12933e+01 
3.95051e-02 -2.12746e+01 
3.95658e-02 -2.12555e+01 
3.96266e-02 -2.12335e+01 
3.96875e-02 -2.12120e+01 
3.97485e-02 -2.11959e+01 
3.98095e-02 -2.11739e+01 
3.98707e-02 -2.11524e+01 
3.99319e-02 -2.11363e+01 
3.99933e-02 -2.11141e+01 
4.00547e-02 -2.10924e+01 
4.01162e-02 -2.10736e+01 
4.01779e-02 -2.10545e+01 
4.02396e-02 -2.10327e+01 
4.03014e-02 -2.10139e+01 
4.03633e-02 -2.09947e+01 
4.04253e-02 -2.09729e+01 
4.04874e-02 -2.09540e+01 
4.05496e-02 -2.09347e+01 
4.06119e-02 -2.09126e+01 
4.06743e-02 -2.08908e+01 
4.07368e-02 -2.08719e+01 
4.07994e-02 -2.08529e+01 
4.08620e-02 -2.08337e+01 
4.09248e-02 -2.08115e+01 
4.09877e-02 -2.07896e+01 
4.10506e-02 -2.07707e+01 
4.11137e-02 -2.07515e+01 
4.11769e-02 -2.07295e+01 
4.12401e-02 -2.07105e+01 
4.13035e-02 -2.06911e+01 
4.13669e-02 -2.06689e+01 
4.14305e-02 -2.06470e+01 
4.14941e-02 -2.06280e+01 
4.15579e-02 -2.06087e+01 
4.16217e-02 -2.05866e+01 
4.16856e-02 -2.05674e+01 
4.17497e-02 -2.05454e+01 
4.18138e-02 -2.05263e+01 
4.18781e-02 -2.05068e+01 
4.19424e-02 -2.04845e+01 
4.20068e-02 -2.04625e+01 
4.20714e-02 -2.04434e+01 
4.21360e-02 -2.04239e+01 
4.22007e-02 -2.04016e+01 
4.22655e-02 -2.03796e+01 
4.23305e-02 -2.03604e+01 
4.23955e-02 -2.03410e+01 
4.24606e-02 -2.03188e+01 
4.25259e-02 -2.02993e+01 
4.25912e-02 -2.02769e+01 
4.26566e-02 -2.02549e+01 
4.27221e-02 -2.02357e+01 
4.27878e-02 -2.02162e+01 
4.28535e-02 -2.01938e+01 
4.29193e-02 -2.01718e+01 
4.29853e-02 -2.01550e+01 
4.30513e-02 -2.01298e+01 
4.31174e-02 -2.01104e+01 
4.31837e-02 -2.00882e+01 
4.32500e-02 -2.00689e+01 
4.33164e-02 -2.00493e+01 
4.33830e-02 -2.00268e+01 
4.34496e-02 -2.00045e+01 
4.35164e-02 -1.99849e+01 
4.35832e-02 -1.99624e+01 
4.36502e-02 -1.99402e+01 
4.37172e-02 -1.99209e+01 
4.37844e-02 -1.99012e+01 
4.38517e-02 -1.98786e+01 
4.39190e-02 -1.98563e+01 
4.39865e-02 -1.98367e+01 
4.40541e-02 -1.98143e+01 
4.41217e-02 -1.97947e+01 
4.41895e-02 -1.97720e+01 
4.42574e-02 -1.97496e+01 
4.43254e-02 -1.97300e+01 
4.43935e-02 -1.97076e+01 
4.44617e-02 -1.96879e+01 
4.45300e-02 -1.96652e+01 
4.45984e-02 -1.96428e+01 
4.46669e-02 -1.96231e+01 
4.47355e-02 -1.96006e+01 
4.48042e-02 -1.95807e+01 
4.48731e-02 -1.95554e+01 
4.49420e-02 -1.95385e+01 
4.50111e-02 -1.95130e+01 
4.50802e-02 -1.94935e+01 
4.51494e-02 -1.94735e+01 
4.52188e-02 -1.94480e+01 
4.52883e-02 -1.94284e+01 
4.53578e-02 -1.94084e+01 
4.54275e-02 -1.93829e+01 
4.54973e-02 -1.93633e+01 
4.55672e-02 -1.93432e+01 
4.56372e-02 -1.93176e+01 
4.57073e-02 -1.92979e+01 
4.57775e-02 -1.92753e+01 
4.58478e-02 -1.92554e+01 
4.59183e-02 -1.92325e+01 
4.59888e-02 -1.92099e+01 
4.60595e-02 -1.91897e+01 
4.61302e-02 -1.91641e+01 
4.62011e-02 -1.91445e+01 
4.62721e-02 -1.91243e+01 
4.63431e-02 -1.90987e+01 
4.64143e-02 -1.90788e+01 
4.64856e-02 -1.90560e+01 
4.65571e-02 -1.90358e+01 
4.66286e-02 -1.90101e+01 
4.67002e-02 -1.89902e+01 
4.67719e-02 -1.89675e+01 
4.68438e-02 -1.89472e+01 
4.69158e-02 -1.89215e+01 
4.69878e-02 -1.89015e+01 
4.70600e-02 -1.88785e+01 
4.71323e-02 -1.88558e+01 
4.72047e-02 -1.88357e+01 
4.72772e-02 -1.88126e+01 
4.73499e-02 -1.87895e+01 
4.74226e-02 -1.87665e+01 
4.74954e-02 -1.87437e+01 
4.75684e-02 -1.87233e+01 
4.76415e-02 -1.86975e+01 
4.77147e-02 -1.86775e+01 
4.77880e-02 -1.86544e+01 
4.78614e-02 -1.86315e+01 
4.79349e-02 -1.86111e+01 
4.80085e-02 -1.85853e+01 
4.80823e-02 -1.85651e+01 
4.81562e-02 -1.85419e+01 
4.82301e-02 -1.85187e+01 
4.83042e-02 -1.84956e+01 
4.83784e-02 -1.84725e+01 
4.84528e-02 -1.84495e+01 
4.85272e-02 -1.84291e+01 
4.86017e-02 -1.84032e+01 
4.86764e-02 -1.83830e+01 
4.87512e-02 -1.83597e+01 
4.88261e-02 -1.83364e+01 
4.89011e-02 -1.83132e+01 
4.89762e-02 -1.82899e+01 
4.90514e-02 -1.82667e+01 
4.91268e-02 -1.82437e+01 
4.92023e-02 -1.82231e+01 
4.92778e-02 -1.81969e+01 
4.93535e-02 -1.81738e+01 
4.94294e-02 -1.81533e+01 
4.95053e-02 -1.81273e+01 
4.95813e-02 -1.81069e+01 
4.96575e-02 -1.80833e+01 
4.97338e-02 -1.80572e+01 
4.98102e-02 -1.80368e+01 
4.98867e-02 -1.80132e+01 
4.99633e-02 -1.79872e+01 
5.00401e-02 -1.79667e+01 
5.01170e-02 -1.79431e+01 
5.01940e-02 -1.79170e+01 
5.02711e-02 -1.78965e+01 
5.03483e-02 -1.78729e+01 
5.04256e-02 -1.78468e+01 
5.05031e-02 -1.78263e+01 
5.05807e-02 -1.78026e+01 
5.06584e-02 -1.77764e+01 
5.07362e-02 -1.77557e+01 
5.08142e-02 -1.77294e+01 
5.08922e-02 -1.77087e+01 
5.09704e-02 -1.76822e+01 
5.10487e-02 -1.76587e+01 
5.11271e-02 -1.76353e+01 
5.12057e-02 -1.76118e+01 
5.12843e-02 -1.75883e+01 
5.13631e-02 -1.75647e+01 
5.14420e-02 -1.75411e+01 
5.15210e-02 -1.75173e+01 
5.16002e-02 -1.74910e+01 
5.16794e-02 -1.74702e+01 
5.17588e-02 -1.74436e+01 
5.18383e-02 -1.74201e+01 
5.19180e-02 -1.73965e+01 
5.19977e-02 -1.73728e+01 
5.20776e-02 -1.73490e+01 
5.21576e-02 -1.73226e+01 
5.22377e-02 -1.73017e+01 
5.23180e-02 -1.72750e+01 
5.23984e-02 -1.72513e+01 
5.24789e-02 -1.72275e+01 
5.25595e-02 -1.72011e+01 
5.26402e-02 -1.71802e+01 
5.27211e-02 -1.71535e+01 
5.28021e-02 -1.71298e+01 
5.28832e-02 -1.71058e+01 
5.29644e-02 -1.70794e+01 
5.30458e-02 -1.70584e+01 
5.31273e-02 -1.70316e+01 
5.32089e-02 -1.70077e+01 
5.32906e-02 -1.69812e+01 
5.33725e-02 -1.69601e+01 
5.34545e-02 -1.69331e+01 
5.35366e-02 -1.69067e+01 
5.36189e-02 -1.68856e+01 
5.37012e-02 -1.68589e+01 
5.37837e-02 -1.68350e+01 
5.38663e-02 -1.68109e+01 
5.39491e-02 -1.67841e+01 
5.40320e-02 -1.67601e+01 
5.41150e-02 -1.67335e+01 
5.41981e-02 -1.67124e+01 
5.42814e-02 -1.66853e+01 
5.43647e-02 -1.66588e+01 
5.44483e-02 -1.66375e+01 
5.45319e-02 -1.66104e+01 
5.46157e-02 -1.65835e+01 
5.46996e-02 -1.65597e+01 
5.47836e-02 -1.65356e+01 
5.48678e-02 -1.65087e+01 
5.49521e-02 -1.64848e+01 
5.50365e-02 -1.64606e+01 
5.51210e-02 -1.64336e+01 
5.52057e-02 -1.64094e+01 
5.52905e-02 -1.63825e+01 
5.53754e-02 -1.63586e+01 
5.54605e-02 -1.63343e+01 
5.55457e-02 -1.63070e+01 
5.56310e-02 -1.62801e+01 
5.57165e-02 -1.62562e+01 
5.58021e-02 -1.62319e+01 
5.58878e-02 -1.62048e+01 
5.59737e-02 -1.61805e+01 
5.60597e-02 -1.61533e+01 
5.61458e-02 -1.61265e+01 
5.62320e-02 -1.61050e+01 
5.63184e-02 -1.60750e+01 
5.64049e-02 -1.60509e+01 
5.64916e-02 -1.60266e+01 
5.65784e-02 -1.59993e+01 
5.66653e-02 -1.59723e+01 
5.67523e-02 -1.59481e+01 
5.68395e-02 -1.59235e+01 
5.69268e-02 -1.58937e+01 
5.70143e-02 -1.58720e+01 
5.71019e-02 -1.58420e+01 
5.71896e-02 -1.58178e+01 
5.72774e-02 -1.57932e+01 
5.73654e-02 -1.57633e+01 
5.74535e-02 -1.57417e+01 
5.75418e-02 -1.57115e+01 
5.76302e-02 -1.56872e+01 
5.77187e-02 -1.56600e+01 
5.78074e-02 -1.56355e+01 
5.78962e-02 -1.56081e+01 
5.79851e-02 -1.55810e+01 
5.80742e-02 -1.55565e+01 
5.81634e-02 -1.55291e+01 
5.82528e-02 -1.55019e+01 
5.83423e-02 -1.54773e+01 
5.84319e-02 -1.54498e+01 
5.85217e-02 -1.54224e+01 
5.86116e-02 -1.53952e+01 
5.87016e-02 -1.53707e+01 
5.87918e-02 -1.53432e+01 
5.88821e-02 -1.53159e+01 
5.89726e-02 -1.52911e+01 
5.90631e-02 -1.52610e+01 
5.91539e-02 -1.52367e+01 
5.92448e-02 -1.52118e+01 
5.93358e-02 -1.51815e+01 
5.94269e-02 -1.51567e+01 
5.95182e-02 -1.51264e+01 
5.96096e-02 -1.51020e+01 
5.97012e-02 -1.50746e+01 
5.97929e-02 -1.50498e+01 
5.98848e-02 -1.50195e+01 
5.99768e-02 -1.49948e+01 
6.00689e-02 -1.49672e+01 
6.01612e-02 -1.49395e+01 
6.02536e-02 -1.49119e+01 
6.03462e-02 -1.48843e+01 
6.04389e-02 -1.48568e+01 
6.05317e-02 -1.48294e+01 
6.06247e-02 -1.48046e+01 
6.07178e-02 -1.47742e+01 
6.08111e-02 -1.47496e+01 
6.09045e-02 -1.47218e+01 
6.09981e-02 -1.46939e+01 
6.10918e-02 -1.46636e+01 
6.11857e-02 -1.46389e+01 
6.12796e-02 -1.46113e+01 
6.13738e-02 -1.45836e+01 
6.14681e-02 -1.45559e+01 
6.15625e-02 -1.45282e+01 
6.16571e-02 -1.45005e+01 
6.17518e-02 -1.44729e+01 
6.18466e-02 -1.44452e+01 
6.19417e-02 -1.44174e+01 
6.20368e-02 -1.43897e+01 
6.21321e-02 -1.43619e+01 
6.22276e-02 -1.43340e+01 
6.23232e-02 -1.43036e+01 
6.24189e-02 -1.42788e+01 
6.25148e-02 -1.42508e+01 
6.26108e-02 -1.42203e+01 
6.27070e-02 -1.41953e+01 
6.28033e-02 -1.41646e+01 
6.28998e-02 -1.41368e+01 
6.29964e-02 -1.41091e+01 
6.30932e-02 -1.40814e+01 
6.31901e-02 -1.40536e+01 
6.32872e-02 -1.40256e+01 
6.33844e-02 -1.39950e+01 
6.34818e-02 -1.39700e+01 
6.35793e-02 -1.39392e+01 
6.36770e-02 -1.39114e+01 
6.37748e-02 -1.38834e+01 
6.38728e-02 -1.38528e+01 
6.39709e-02 -1.38278e+01 
6.40692e-02 -1.37969e+01 
6.41676e-02 -1.37691e+01 
6.42662e-02 -1.37410e+01 
6.43649e-02 -1.37103e+01 
6.44638e-02 -1.36825e+01 
6.45628e-02 -1.36548e+01 
6.46620e-02 -1.36269e+01 
6.47613e-02 -1.35987e+01 
6.48608e-02 -1.35678e+01 
6.49604e-02 -1.35398e+01 
6.50602e-02 -1.35090e+01 
6.51602e-02 -1.34812e+01 
6.52603e-02 -1.34534e+01 
6.53605e-02 -1.34252e+01 
6.54609e-02 -1.33944e+01 
6.55615e-02 -1.33665e+01 
6.56622e-02 -1.33384e+01 
6.57631e-02 -1.33075e+01 
6.58641e-02 -1.32794e+01 
6.59653e-02 -1.32486e+01 
6.60666e-02 -1.32207e+01 
6.61681e-02 -1.31925e+01 
6.62698e-02 -1.31614e+01 
6.63716e-02 -1.31309e+01 
6.64735e-02 -1.31057e+01 
6.65757e-02 -1.30745e+01 
6.66779e-02 -1.30438e+01 
6.67804e-02 -1.30158e+01 
6.68829e-02 -1.29876e+01 
6.69857e-02 -1.29565e+01 
6.70886e-02 -1.29257e+01 
6.71917e-02 -1.28978e+01 
6.72949e-02 -1.28696e+01 
6.73983e-02 -1.28385e+01 
6.75018e-02 -1.28077e+01 
6.76055e-02 -1.27798e+01 
6.77093e-02 -1.27516e+01 
6.78134e-02 -1.27204e+01 
6.79175e-02 -1.26896e+01 
6.80219e-02 -1.26614e+01 
6.81264e-02 -1.26305e+01 
6.82310e-02 -1.26023e+01 
6.83358e-02 -1.25712e+01 
6.84408e-02 -1.25403e+01 
6.85460e-02 -1.25122e+01 
6.86513e-02 -1.24812e+01 
6.87567e-02 -1.24529e+01 
6.88623e-02 -1.24192e+01 
6.89681e-02 -1.23938e+01 
6.90741e-02 -1.23599e+01 
6.91802e-02 -1.23319e+01 
6.92865e-02 -1.23010e+01 
6.93929e-02 -1.22728e+01 
6.94995e-02 -1.22416e+01 
6.96063e-02 -1.22105e+01 
6.97132e-02 -1.21796e+01 
6.98203e-02 -1.21515e+01 
6.99276e-02 -1.21204e+01 
7.00350e-02 -1.20895e+01 
7.01426e-02 -1.20613e+01 
7.02503e-02 -1.20301e+01 
7.03582e-02 -1.19989e+01 
7.04663e-02 -1.19679e+01 
7.05746e-02 -1.19370e+01 
7.06830e-02 -1.19089e+01 
7.07916e-02 -1.18777e+01 
7.09003e-02 -1.18465e+01 
7.10092e-02 -1.18155e+01 
7.11183e-02 -1.17846e+01 
7.12276e-02 -1.17564e+01 
7.13370e-02 -1.17250e+01 
7.14466e-02 -1.16912e+01 
7.15563e-02 -1.16632e+01 
7.16663e-02 -1.16323e+01 
7.17764e-02 -1.16038e+01 
7.18866e-02 -1.15698e+01 
7.19971e-02 -1.15389e+01 
7.21077e-02 -1.15106e+01 
7.22184e-02 -1.14768e+01 
7.23294e-02 -1.14486e+01 
7.24405e-02 -1.14172e+01 
7.25518e-02 -1.13835e+01 
7.26632e-02 -1.13554e+01 
7.27748e-02 -1.13243e+01 
7.28866e-02 -1.12932e+01 
7.29986e-02 -1.12621e+01 
7.31107e-02 -1.12310e+01 
7.32231e-02 -1.11997e+01 
7.33355e-02 -1.11660e+01 
7.34482e-02 -1.11379e+01 
7.35610e-02 -1.11069e+01 
7.36740e-02 -1.10757e+01 
7.37872e-02 -1.10445e+01 
7.39006e-02 -1.10107e+01 
7.40141e-02 -1.09826e+01 
7.41278e-02 -1.09513e+01 
7.42417e-02 -1.09174e+01 
7.43557e-02 -1.08866e+01 
7.44700e-02 -1.08583e+01 
7.45844e-02 -1.08243e+01 
7.46989e-02 -1.07933e+01 
7.48137e-02 -1.07623e+01 
7.49286e-02 -1.07311e+01 
7.50437e-02 -1.06974e+01 
7.51590e-02 -1.06692e+01 
7.52745e-02 -1.06355e+01 
7.53901e-02 -1.06072e+01 
7.55059e-02 -1.05731e+01 
7.56219e-02 -1.05420e+01 
7.57381e-02 -1.05083e+01 
7.58544e-02 -1.04801e+01 
7.59709e-02 -1.04462e+01 
7.60877e-02 -1.04152e+01 
7.62045e-02 -1.03841e+01 
7.63216e-02 -1.03505e+01 
7.64389e-02 -1.03223e+01 
7.65563e-02 -1.02883e+01 
7.66739e-02 -1.02572e+01 
7.67917e-02 -1.02234e+01 
7.69096e-02 -1.01926e+01 
7.70278e-02 -1.01618e+01 
7.71461e-02 -1.01308e+01 
7.72646e-02 -1.00996e+01 
7.73833e-02 -1.00656e+01 
7.75022e-02 -1.00321e+01 
7.76213e-02 -1.00040e+01 
7.77405e-02 -9.97012e+00 
7.78599e-02 -9.93907e+00 
7.79795e-02 -9.90532e+00 
7.80993e-02 -9.87454e+00 
7.82193e-02 -9.84352e+00 
7.83395e-02 -9.80980e+00 
7.84598e-02 -9.77905e+00 
7.85803e-02 -9.74802e+00 
7.87011e-02 -9.71425e+00 
7.88220e-02 -9.68327e+00 
7.89430e-02 -9.64962e+00 
7.90643e-02 -9.61888e+00 
7.91858e-02 -9.58783e+00 
7.93074e-02 -9.55391e+00 
7.94292e-02 -9.52034e+00 
7.95513e-02 -9.48969e+00 
7.96735e-02 -9.45879e+00 
7.97959e-02 -9.42515e+00 
7.99185e-02 -9.39427e+00 
8.00412e-02 -9.36065e+00 
8.01642e-02 -9.32981e+00 
8.02873e-02 -9.29624e+00 
8.04107e-02 -9.26541e+00 
8.05342e-02 -9.23185e+00 
8.06579e-02 -9.20107e+00 
8.07818e-02 -9.16754e+00 
8.09059e-02 -9.13675e+00 
8.10302e-02 -9.10320e+00 
8.11547e-02 -9.07238e+00 
8.12794e-02 -9.03864e+00 
8.14042e-02 -9.00520e+00 
8.15293e-02 -8.97452e+00 
8.16545e-02 -8.94109e+00 
8.17800e-02 -8.91039e+00 
8.19056e-02 -8.87691e+00 
8.20314e-02 -8.84602e+00 
8.21574e-02 -8.80989e+00 
8.22836e-02 -8.78201e+00 
8.24100e-02 -8.74571e+00 
8.25366e-02 -8.71533e+00 
8.26634e-02 -8.68446e+00 
8.27904e-02 -8.64824e+00 
8.29176e-02 -8.61797e+00 
8.30450e-02 -8.58734e+00 
8.31726e-02 -8.55374e+00 
8.33003e-02 -8.52027e+00 
8.34283e-02 -8.48705e+00 
8.35564e-02 -8.45656e+00 
8.36848e-02 -8.42312e+00 
8.38134e-02 -8.38994e+00 
8.39421e-02 -8.35945e+00 
8.40711e-02 -8.32599e+00 
8.42002e-02 -8.29264e+00 
8.43296e-02 -8.25954e+00 
8.44591e-02 -8.22915e+00 
8.45889e-02 -8.19577e+00 
8.47188e-02 -8.16251e+00 
8.48490e-02 -8.12950e+00 
8.49793e-02 -8.09920e+00 
8.51098e-02 -8.06595e+00 
8.52406e-02 -8.03289e+00 
8.53715e-02 -8.00238e+00 
8.55027e-02 -7.96644e+00 
8.56340e-02 -7.93624e+00 
8.57656e-02 -7.90308e+00 
8.58973e-02 -7.87014e+00 
8.60293e-02 -7.83972e+00 
8.61615e-02 -7.80387e+00 
8.62938e-02 -7.77376e+00 
8.64264e-02 -7.74066e+00 
8.65591e-02 -7.70764e+00 
8.66921e-02 -7.67482e+00 
8.68253e-02 -7.64453e+00 
8.69587e-02 -7.60881e+00 
8.70923e-02 -7.57881e+00 
8.72261e-02 -7.54580e+00 
8.73601e-02 -7.51285e+00 
8.74943e-02 -7.47997e+00 
8.76287e-02 -7.44731e+00 
8.77633e-02 -7.41714e+00 
8.78981e-02 -7.38150e+00 
8.80331e-02 -7.35144e+00 
8.81684e-02 -7.31592e+00 
8.83038e-02 -7.28613e+00 
8.84395e-02 -7.25332e+00 
8.85753e-02 -7.22056e+00 
8.87114e-02 -7.18784e+00 
8.88477e-02 -7.15519e+00 
8.89842e-02 -7.12273e+00 
8.91209e-02 -7.09274e+00 
8.92578e-02 -7.05714e+00 
8.93949e-02 -7.02480e+00 
8.95322e-02 -6.99495e+00 
8.96698e-02 -6.95961e+00 
8.98075e-02 -6.92983e+00 
8.99455e-02 -6.89460e+00 
9.00836e-02 -6.86505e+00 
9.02220e-02 -6.83230e+00 
9.03606e-02 -6.79715e+00 
9.04994e-02 -6.76768e+00 
9.06385e-02 -6.73503e+00 
9.07777e-02 -6.69998e+00 
9.09172e-02 -6.67062e+00 
9.10568e-02 -6.63821e+00 
9.11967e-02 -6.60566e+00 
9.13368e-02 -6.57069e+00 
9.14771e-02 -6.54141e+00 
9.16176e-02 -6.50893e+00 
9.17584e-02 -6.47404e+00 
9.18993e-02 -6.44484e+00 
9.20405e-02 -6.41244e+00 
9.21819e-02 -6.37763e+00 
9.23235e-02 -6.34848e+00 
9.24654e-02 -6.31612e+00 
9.26074e-02 -6.28132e+00 
9.27497e-02 -6.25203e+00 
9.28921e-02 -6.21712e+00 
9.30348e-02 -6.18543e+00 
9.31778e-02 -6.15619e+00 
9.33209e-02 -6.12129e+00 
9.34643e-02 -6.08947e+00 
9.36078e-02 -6.05770e+00 
9.37516e-02 -6.02607e+00 
9.38957e-02 -5.99673e+00 
9.40399e-02 -5.95930e+00 
9.41844e-02 -5.93062e+00 
9.43291e-02 -5.89890e+00 
9.44740e-02 -5.86715e+00 
9.46191e-02 -5.83526e+00 
9.47645e-02 -5.80090e+00 
9.49100e-02 -5.77206e+00 
9.50558e-02 -5.73759e+00 
9.52019e-02 -5.70634e+00 
9.53481e-02 -5.67752e+00 
9.54946e-02 -5.64305e+00 
9.56413e-02 -5.61162e+00 
9.57882e-02 -5.58019e+00 
9.59354e-02 -5.54861e+00 
9.60827e-02 -5.51461e+00 
9.62303e-02 -5.48626e+00 
9.63782e-02 -5.45468e+00 
9.65262e-02 -5.42053e+00 
9.66745e-02 -5.38959e+00 
9.68230e-02 -5.36109e+00 
9.69718e-02 -5.32692e+00 
9.71207e-02 -5.29577e+00 
9.72699e-02 -5.26449e+00 
9.74193e-02 -5.23078e+00 
9.75690e-02 -5.20272e+00 
9.77189e-02 -5.17144e+00 
9.78690e-02 -5.13756e+00 
9.80193e-02 -5.10690e+00 
9.81699e-02 -5.07864e+00 
9.83207e-02 -5.04457e+00 
9.84718e-02 -5.01114e+00 
9.86230e-02 -4.98339e+00 
9.87746e-02 -4.95255e+00 
9.89263e-02 -4.92152e+00 
9.90783e-02 -4.88789e+00 
9.92305e-02 -4.85736e+00 
9.93829e-02 -4.82696e+00 
9.95356e-02 -4.79884e+00 
9.96885e-02 -4.76263e+00 
9.98416e-02 -4.73511e+00 
9.99950e-02 -4.70441e+00 
1.00149e-01 -4.67122e+00 
1.00302e-01 -4.64359e+00 
1.00457e-01 -4.61020e+00 
1.00611e-01 -4.57996e+00 
1.00765e-01 -4.54973e+00 
1.00920e-01 -4.51948e+00 
1.01075e-01 -4.48921e+00 
1.01231e-01 -4.45876e+00 
1.01386e-01 -4.42591e+00 
1.01542e-01 -4.39851e+00 
1.01698e-01 -4.36547e+00 
1.01854e-01 -4.33551e+00 
1.02010e-01 -4.30558e+00 
1.02167e-01 -4.27562e+00 
1.02324e-01 -4.24565e+00 
1.02481e-01 -4.21554e+00 
1.02639e-01 -4.18295e+00 
1.02796e-01 -4.15590e+00 
1.02954e-01 -4.12317e+00 
1.03113e-01 -4.09348e+00 
1.03271e-01 -4.06387e+00 
1.03430e-01 -4.03426e+00 
1.03588e-01 -4.00469e+00 
1.03748e-01 -3.97505e+00 
1.03907e-01 -3.94532e+00 
1.04067e-01 -3.91310e+00 
1.04226e-01 -3.88648e+00 
1.04387e-01 -3.85429e+00 
1.04547e-01 -3.82765e+00 
1.04708e-01 -3.79532e+00 
1.04868e-01 -3.76611e+00 
1.05029e-01 -3.73688e+00 
1.05191e-01 -3.70763e+00 
1.05352e-01 -3.67830e+00 
1.05514e-01 -3.64653e+00 
1.05676e-01 -3.62043e+00 
1.05839e-01 -3.59114e+00 
1.06001e-01 -3.55945e+00 
1.06164e-01 -3.53327e+00 
1.06327e-01 -3.50160e+00 
1.06491e-01 -3.47542e+00 
1.06654e-01 -3.44363e+00 
1.06818e-01 -3.41490e+00 
1.06982e-01 -3.38622e+00 
1.07146e-01 -3.35759e+00 
1.07311e-01 -3.32896e+00 
1.07476e-01 -3.30039e+00 
1.07641e-01 -3.27187e+00 
1.07806e-01 -3.24338e+00 
1.07972e-01 -3.21492e+00 
1.08138e-01 -3.18649e+00 
1.08304e-01 -3.15812e+00 
1.08470e-01 -3.12977e+00 
1.08637e-01 -3.10140e+00 
1.08804e-01 -3.07294e+00 
1.08971e-01 -3.04209e+00 
1.09138e-01 -3.01699e+00 
1.09306e-01 -2.98883e+00 
1.09474e-01 -2.96069e+00 
1.09642e-01 -2.93246e+00 
1.09811e-01 -2.90183e+00 
1.09979e-01 -2.87697e+00 
1.10148e-01 -2.84908e+00 
1.10317e-01 -2.82124e+00 
1.10487e-01 -2.79345e+00 
1.10657e-01 -2.76571e+00 
1.10827e-01 -2.73804e+00 
1.10997e-01 -2.71048e+00 
1.11167e-01 -2.68313e+00 
1.11338e-01 -2.65825e+00 
1.11509e-01 -2.62779e+00 
1.11680e-01 -2.60061e+00 
1.11852e-01 -2.57595e+00 
1.12024e-01 -2.54587e+00 
1.12196e-01 -2.52149e+00 
1.12368e-01 -2.49398e+00 
1.12541e-01 -2.46411e+00 
1.12714e-01 -2.44003e+00 
1.12887e-01 -2.41312e+00 
1.13060e-01 -2.38872e+00 
1.13234e-01 -2.35874e+00 
1.13408e-01 -2.33210e+00 
1.13582e-01 -2.30815e+00 
1.13757e-01 -2.28120e+00 
1.13931e-01 -2.25436e+00 
1.14106e-01 -2.22759e+00 
1.14282e-01 -2.20092e+00 
1.14457e-01 -2.17457e+00 
1.14633e-01 -2.15090e+00 
1.14809e-01 -2.12427e+00 
1.14986e-01 -2.09772e+00 
1.15162e-01 -2.07131e+00 
1.15339e-01 -2.04518e+00 
1.15516e-01 -2.02176e+00 
1.15694e-01 -1.99538e+00 
1.15872e-01 -1.96913e+00 
1.16050e-01 -1.94314e+00 
1.16228e-01 -1.91973e+00 
1.16406e-01 -1.89099e+00 
1.16585e-01 -1.86822e+00 
1.16764e-01 -1.84511e+00 
1.16944e-01 -1.81904e+00 
1.17123e-01 -1.79309e+00 
1.17303e-01 -1.76728e+00 
1.17483e-01 -1.74179e+00 
1.17664e-01 -1.71908e+00 
1.17845e-01 -1.69363e+00 
1.18026e-01 -1.67092e+00 
1.18207e-01 -1.64532e+00 
1.18389e-01 -1.62002e+00 
1.18571e-01 -1.59746e+00 
1.18753e-01 -1.57203e+00 
1.18935e-01 -1.54692e+00 
1.19118e-01 -1.52459e+00 
1.19301e-01 -1.49953e+00 
1.19484e-01 -1.47723e+00 
1.19668e-01 -1.45203e+00 
1.19851e-01 -1.42718e+00 
1.20036e-01 -1.40512e+00 
1.20220e-01 -1.38036e+00 
1.20405e-01 -1.35839e+00 
1.20590e-01 -1.33372e+00 
1.20775e-01 -1.31185e+00 
1.20960e-01 -1.28729e+00 
1.21146e-01 -1.26551e+00 
1.21332e-01 -1.24104e+00 
1.21519e-01 -1.21936e+00 
1.21705e-01 -1.19500e+00 
1.21892e-01 -1.17345e+00 
1.22080e-01 -1.14920e+00 
1.22267e-01 -1.12779e+00 
1.22455e-01 -1.10373e+00 
1.22643e-01 -1.08265e+00 
1.22831e-01 -1.06137e+00 
1.23020e-01 -1.03742e+00 
1.23209e-01 -1.01646e+00 
1.23398e-01 -9.95251e-01 
1.23588e-01 -9.71235e-01 
1.23778e-01 -9.47794e-01 
1.23968e-01 -9.29821e-01 
1.24158e-01 -9.06120e-01 
1.24349e-01 -8.85266e-01 
1.24540e-01 -8.61795e-01 
1.24732e-01 -8.41364e-01 
1.24923e-01 -8.20906e-01 
1.25115e-01 -8.00248e-01 
1.25307e-01 -7.76977e-01 
1.25500e-01 -7.56757e-01 
1.25693e-01 -7.36517e-01 
1.25886e-01 -7.16126e-01 
1.26079e-01 -6.93268e-01 
1.26273e-01 -6.75868e-01 
1.26467e-01 -6.52660e-01 
1.26661e-01 -6.30092e-01 
1.26856e-01 -6.13185e-01 
1.27050e-01 -5.93076e-01 
1.27246e-01 -5.70396e-01 
1.27441e-01 -5.50957e-01 
1.27637e-01 -5.33974e-01 
1.27833e-01 -5.11337e-01 
1.28029e-01 -4.91755e-01 
1.28226e-01 -4.72064e-01 
1.28423e-01 -4.49996e-01 
1.28620e-01 -4.33653e-01 
1.28818e-01 -4.14297e-01 
1.29016e-01 -3.94954e-01 
1.29214e-01 -3.75512e-01 
1.29412e-01 -3.53701e-01 
1.29611e-01 -3.37623e-01 
1.29810e-01 -3.18556e-01 
1.30010e-01 -2.99543e-01 
1.30209e-01 -2.80594e-01 
1.30409e-01 -2.61712e-01 
1.30610e-01 -2.42907e-01 
1.30810e-01 -2.24215e-01 
1.31011e-01 -2.05761e-01 
1.31213e-01 -1.89856e-01 
1.31414e-01 -1.68553e-01 
1.31616e-01 -1.53006e-01 
1.31818e-01 -1.34502e-01 
1.32021e-01 -1.16119e-01 
1.32224e-01 -9.79898e-02 
1.32427e-01 -8.24379e-02 
1.32630e-01 -6.15374e-02 
1.32834e-01 -4.65726e-02 
1.33038e-01 -3.11270e-02 
1.33242e-01 -1.03007e-02 
1.33447e-01 4.73438e-03 
1.33652e-01 2.26648e-02 
1.33857e-01 4.02783e-02 
1.34063e-01 5.51161e-02 
1.34269e-01 7.27205e-02 
1.34475e-01 8.77025e-02 
1.34682e-01 1.07880e-01 
1.34889e-01 1.19775e-01 
1.35096e-01 1.40030e-01 
1.35303e-01 1.54287e-01 
1.35511e-01 1.68831e-01 
1.35719e-01 1.86254e-01 
1.35928e-01 2.03336e-01 
1.36137e-01 2.17605e-01 
1.36346e-01 2.34573e-01 
1.36555e-01 2.48714e-01 
1.36765e-01 2.65512e-01 
1.36975e-01 2.79330e-01 
1.37186e-01 2.93380e-01 
1.37396e-01 3.10130e-01 
1.37607e-01 3.24057e-01 
1.37819e-01 3.40666e-01 
1.38031e-01 3.54430e-01 
1.38243e-01 3.70824e-01 
1.38455e-01 3.84179e-01 
1.38668e-01 3.97579e-01 
1.38881e-01 4.11182e-01 
1.39094e-01 4.27425e-01 
1.39308e-01 4.40656e-01 
1.39522e-01 4.54077e-01 
1.39736e-01 4.70111e-01 
1.39951e-01 4.83078e-01 
1.40166e-01 4.96040e-01 
1.40381e-01 5.09032e-01 
1.40597e-01 5.22202e-01 
1.40813e-01 5.37972e-01 
1.41029e-01 5.50660e-01 
1.41246e-01 5.63307e-01 
1.41463e-01 5.75919e-01 
1.41680e-01 5.88500e-01 
1.41898e-01 6.01052e-01 
1.42116e-01 6.13602e-01 
1.42334e-01 6.26267e-01 
1.42553e-01 6.41321e-01 
1.42772e-01 6.50684e-01 
1.42991e-01 6.63204e-01 
1.43211e-01 6.78106e-01 
1.43431e-01 6.87309e-01 
1.43651e-01 6.99654e-01 
1.43872e-01 7.14357e-01 
1.44093e-01 7.23304e-01 
1.44314e-01 7.35195e-01 
1.44536e-01 7.46866e-01 
1.44758e-01 7.56027e-01 
1.44980e-01 7.70741e-01 
1.45203e-01 7.82119e-01 
1.45426e-01 7.90780e-01 
1.45649e-01 8.02374e-01 
1.45873e-01 8.13708e-01 
1.46097e-01 8.22481e-01 
1.46321e-01 8.36633e-01 
1.46546e-01 8.44957e-01 
1.46771e-01 8.56041e-01 
1.46997e-01 8.64392e-01 
1.47223e-01 8.75685e-01 
1.47449e-01 8.86829e-01 
1.47675e-01 8.97647e-01 
1.47902e-01 9.05674e-01 
1.48129e-01 9.16424e-01 
1.48357e-01 9.24392e-01 
1.48585e-01 9.35121e-01 
1.48813e-01 9.43211e-01 
1.49042e-01 9.56442e-01 
1.49271e-01 9.61232e-01 
1.49500e-01 9.71926e-01 
1.49730e-01 9.82241e-01 
1.49960e-01 9.89577e-01 
1.50190e-01 9.97164e-01 
1.50421e-01 1.00744e+00 
1.50652e-01 1.01491e+00 
1.50883e-01 1.02507e+00 
1.51115e-01 1.03238e+00 
1.51347e-01 1.04233e+00 
1.51580e-01 1.04925e+00 
1.51813e-01 1.05621e+00 
1.52046e-01 1.06340e+00 
1.52279e-01 1.07321e+00 
1.52513e-01 1.08003e+00 
1.52748e-01 1.08704e+00 
1.52982e-01 1.09667e+00 
1.53217e-01 1.10324e+00 
1.53453e-01 1.10979e+00 
1.53688e-01 1.11639e+00 
1.53924e-01 1.12316e+00 
1.54161e-01 1.13248e+00 
1.54398e-01 1.13860e+00 
1.54635e-01 1.14226e+00 
1.54872e-01 1.15158e+00 
1.55110e-01 1.15786e+00 
1.55349e-01 1.16424e+00 
1.55587e-01 1.17302e+00 
1.55826e-01 1.17606e+00 
1.56066e-01 1.18212e+00 
1.56305e-01 1.18813e+00 
1.56546e-01 1.19410e+00 
1.56786e-01 1.20002e+00 
1.57027e-01 1.20589e+00 
1.57268e-01 1.21172e+00 
1.57510e-01 1.21745e+00 
1.57752e-01 1.22310e+00 
1.57994e-01 1.22852e+00 
1.58237e-01 1.23139e+00 
1.58480e-01 1.23968e+00 
1.58723e-01 1.24221e+00 
1.58967e-01 1.24770e+00 
1.59211e-01 1.25307e+00 
1.59456e-01 1.25815e+00 
1.59701e-01 1.26051e+00 
1.59946e-01 1.26581e+00 
1.60192e-01 1.27084e+00 
1.60438e-01 1.27331e+00 
1.60684e-01 1.28111e+00 
1.60931e-01 1.28293e+00 
1.61179e-01 1.28508e+00 
1.61426e-01 1.29018e+00 
1.61674e-01 1.29510e+00 
1.61922e-01 1.29967e+00 
1.62171e-01 1.30130e+00 
1.62420e-01 1.30323e+00 
1.62670e-01 1.30806e+00 
1.62920e-01 1.31256e+00 
1.63170e-01 1.31427e+00 
1.63421e-01 1.31870e+00 
1.63672e-01 1.32032e+00 
1.63923e-01 1.32466e+00 
1.64175e-01 1.32618e+00 
1.64427e-01 1.33037e+00 
1.64680e-01 1.33158e+00 
1.64933e-01 1.33303e+00 
1.65186e-01 1.33717e+00 
1.65440e-01 1.33846e+00 
1.65694e-01 1.34228e+00 
1.65949e-01 1.34080e+00 
1.66203e-01 1.34749e+00 
1.66459e-01 1.34566e+00 
1.66715e-01 1.34954e+00 
1.66971e-01 1.35041e+00 
1.67227e-01 1.35150e+00 
1.67484e-01 1.35521e+00 
1.67741e-01 1.35587e+00 
1.67999e-01 1.35653e+00 
1.68257e-01 1.35723e+00 
1.68516e-01 1.35808e+00 
1.68774e-01 1.36141e+00 
1.69034e-01 1.35924e+00 
1.69293e-01 1.36276e+00 
1.69553e-01 1.36321e+00 
1.69814e-01 1.36367e+00 
1.70075e-01 1.36426e+00 
1.70336e-01 1.36726e+00 
1.70598e-01 1.36456e+00 
1.70860e-01 1.36492e+00 
1.71122e-01 1.36542e+00 
1.71385e-01 1.36832e+00 
1.71648e-01 1.36554e+00 
1.71912e-01 1.36591e+00 
1.72176e-01 1.36869e+00 
1.72441e-01 1.36573e+00 
1.72706e-01 1.36578e+00 
1.72971e-01 1.36578e+00 
1.73237e-01 1.36569e+00 
1.73503e-01 1.36539e+00 
1.73769e-01 1.36258e+00 
1.74036e-01 1.36523e+00 
1.74304e-01 1.36230e+00 
1.74571e-01 1.36478e+00 
1.74840e-01 1.36147e+00 
1.75108e-01 1.36099e+00 
1.75377e-01 1.35797e+00 
1.75647e-01 1.36036e+00 
1.75916e-01 1.35699e+00 
1.76187e-01 1.35655e+00 
1.76457e-01 1.35584e+00 
1.76728e-01 1.35241e+00 
1.77000e-01 1.35191e+00 
1.77272e-01 1.35113e+00 
1.77544e-01 1.34765e+00 
1.77817e-01 1.34713e+00 
1.78090e-01 1.34646e+00 
1.78364e-01 1.34546e+00 
1.78638e-01 1.34157e+00 
1.78912e-01 1.33813e+00 
1.79187e-01 1.33991e+00 
1.79462e-01 1.33344e+00 
1.79738e-01 1.33534e+00 
1.80014e-01 1.33127e+00 
1.80290e-01 1.32752e+00 
1.80567e-01 1.32667e+00 
1.80845e-01 1.32549e+00 
1.81123e-01 1.32153e+00 
1.81401e-01 1.32026e+00 
1.81680e-01 1.31604e+00 
1.81959e-01 1.31212e+00 
1.82238e-01 1.31106e+00 
1.82518e-01 1.30950e+00 
1.82798e-01 1.30268e+00 
1.83079e-01 1.30408e+00 
1.83361e-01 1.29703e+00 
1.83642e-01 1.29591e+00 
1.83924e-01 1.29442e+00 
1.84207e-01 1.28995e+00 
1.84490e-01 1.28569e+00 
1.84773e-01 1.28398e+00 
1.85057e-01 1.27699e+00 
1.85341e-01 1.27820e+00 
1.85626e-01 1.27092e+00 
1.85911e-01 1.26939e+00 
1.86197e-01 1.26504e+00 
1.86483e-01 1.26334e+00 
1.86769e-01 1.25862e+00 
1.87056e-01 1.25392e+00 
1.87344e-01 1.24930e+00 
1.87631e-01 1.24491e+00 
1.87920e-01 1.24317e+00 
1.88208e-01 1.23844e+00 
1.88498e-01 1.23389e+00 
1.88787e-01 1.23183e+00 
1.89077e-01 1.22431e+00 
1.89368e-01 1.22247e+00 
1.89658e-01 1.21762e+00 
1.89950e-01 1.21281e+00 
1.90242e-01 1.20817e+00 
1.90534e-01 1.20603e+00 
1.90827e-01 1.19840e+00 
1.91120e-01 1.19646e+00 
1.91413e-01 1.19148e+00 
1.91707e-01 1.18650e+00 
1.92002e-01 1.18152e+00 
1.92297e-01 1.17659e+00 
1.92592e-01 1.17181e+00 
1.92888e-01 1.16948e+00 
1.93184e-01 1.16150e+00 
1.93481e-01 1.15676e+00 
1.93778e-01 1.15462e+00 
1.94076e-01 1.14924e+00 
1.94374e-01 1.14140e+00 
1.94673e-01 1.13907e+00 
1.94972e-01 1.13124e+00 
1.95271e-01 1.12906e+00 
1.95571e-01 1.12366e+00 
1.95872e-01 1.11581e+00 
1.96173e-01 1.11358e+00 
1.96474e-01 1.10813e+00 
1.96776e-01 1.10021e+00 
1.97078e-01 1.09779e+00 
1.97381e-01 1.08988e+00 
1.97684e-01 1.08757e+00 
1.97988e-01 1.08201e+00 
1.98292e-01 1.07384e+00 
1.98597e-01 1.06884e+00 
1.98902e-01 1.06626e+00 
1.99207e-01 1.05799e+00 
1.99513e-01 1.05274e+00 
1.99820e-01 1.04748e+00 
2.00127e-01 1.04219e+00 
2.00434e-01 1.03687e+00 
2.00742e-01 1.03149e+00 
2.01050e-01 1.02592e+00 
2.01359e-01 1.01785e+00 
2.01669e-01 1.01525e+00 
2.01978e-01 1.00699e+00 
2.02289e-01 1.00189e+00 
2.02599e-01 9.99191e-01 
2.02911e-01 9.90735e-01 
2.03222e-01 9.85149e-01 
2.03535e-01 9.77070e-01 
2.03847e-01 9.74481e-01 
2.04160e-01 9.66340e-01 
2.04474e-01 9.63638e-01 
2.04788e-01 9.55217e-01 
2.05103e-01 9.49776e-01 
2.05418e-01 9.44148e-01 
2.05733e-01 9.36014e-01 
2.06049e-01 9.33331e-01 
2.06366e-01 9.24939e-01 
2.06683e-01 9.19568e-01 
2.07001e-01 9.14150e-01 
2.07319e-01 9.08658e-01 
2.07637e-01 9.02932e-01 
2.07956e-01 8.94550e-01 
2.08275e-01 8.89195e-01 
2.08595e-01 8.83808e-01 
2.08916e-01 8.78377e-01 
2.09237e-01 8.72862e-01 
2.09558e-01 8.67111e-01 
2.09880e-01 8.58695e-01 
2.10203e-01 8.53280e-01 
2.10525e-01 8.47790e-01 
2.10849e-01 8.42067e-01 
2.11173e-01 8.33691e-01 
2.11497e-01 8.28343e-01 
2.11822e-01 8.22960e-01 
2.12147e-01 8.17542e-01 
2.12473e-01 8.12033e-01 
2.12800e-01 8.06292e-01 
2.13127e-01 7.97886e-01 
2.13454e-01 7.92485e-01 
2.13782e-01 7.87007e-01 
2.14110e-01 7.81304e-01 
2.14439e-01 7.72938e-01 
2.14769e-01 7.67601e-01 
2.15099e-01 7.62226e-01 
2.15429e-01 7.56792e-01 
2.15760e-01 7.51159e-01 
2.16091e-01 7.43016e-01 
2.16423e-01 7.40314e-01 
2.16756e-01 7.31860e-01 
2.17089e-01 7.26264e-01 
2.17422e-01 7.18175e-01 
2.17756e-01 7.15535e-01 
2.18091e-01 7.07191e-01 
2.18426e-01 7.01862e-01 
2.18762e-01 6.96469e-01 
2.19098e-01 6.90892e-01 
2.19434e-01 6.82816e-01 
2.19771e-01 6.80190e-01 
2.20109e-01 6.71844e-01 
2.20447e-01 6.66496e-01 
2.20786e-01 6.60957e-01 
2.21125e-01 6.52925e-01 
2.21464e-01 6.50354e-01 
2.21805e-01 6.42087e-01 
2.22145e-01 6.36854e-01 
2.22487e-01 6.31587e-01 
2.22828e-01 6.26272e-01 
2.23171e-01 6.20771e-01 
2.23514e-01 6.12771e-01 
2.23857e-01 6.10238e-01 
2.24201e-01 6.02009e-01 
2.24545e-01 5.96802e-01 
2.24890e-01 5.91551e-01 
2.25236e-01 5.86123e-01 
2.25582e-01 5.78220e-01 
2.25928e-01 5.75825e-01 
2.26275e-01 5.67897e-01 
2.26623e-01 5.65432e-01 
2.26971e-01 5.57287e-01 
2.27320e-01 5.52182e-01 
2.27669e-01 5.47071e-01 
2.28019e-01 5.41946e-01 
2.28369e-01 5.36780e-01 
2.28720e-01 5.31458e-01 
2.29071e-01 5.23694e-01 
2.29423e-01 5.21556e-01 
2.29776e-01 5.16181e-01 
2.30129e-01 5.08215e-01 
2.30482e-01 5.03462e-01 
2.30836e-01 5.01152e-01 
2.31191e-01 4.93203e-01 
2.31546e-01 4.88460e-01 
2.31902e-01 4.86158e-01 
2.32258e-01 4.78197e-01 
2.32615e-01 4.73327e-01 
2.32972e-01 4.68627e-01 
2.33330e-01 4.66365e-01 
2.33688e-01 4.58449e-01 
2.34047e-01 4.53631e-01 
2.34407e-01 4.48984e-01 
2.34767e-01 4.46792e-01 
2.35128e-01 4.38978e-01 
2.35489e-01 4.34394e-01 
2.35851e-01 4.32294e-01 
2.36213e-01 4.24697e-01 
2.36576e-01 4.22641e-01 
2.36939e-01 4.15098e-01 
2.37303e-01 4.13108e-01 
2.37668e-01 4.05673e-01 
2.38033e-01 4.03954e-01 
2.38398e-01 3.99228e-01 
2.38765e-01 3.94570e-01 
2.39131e-01 3.90113e-01 
2.39499e-01 3.88157e-01 
2.39867e-01 3.80748e-01 
2.40235e-01 3.79021e-01 
2.40604e-01 3.74142e-01 
2.40974e-01 3.66917e-01 
2.41344e-01 3.65582e-01 
2.41715e-01 3.63716e-01 
2.42086e-01 3.56414e-01 
2.42458e-01 3.54836e-01 
2.42831e-01 3.50264e-01 
2.43204e-01 3.45778e-01 
2.43577e-01 3.41514e-01 
2.43951e-01 3.39791e-01 
2.44326e-01 3.32685e-01 
2.44701e-01 3.31483e-01 
2.45077e-01 3.29769e-01 
2.45454e-01 3.22651e-01 
2.45831e-01 3.21320e-01 
2.46209e-01 3.17204e-01 
2.46587e-01 3.15779e-01 
2.46966e-01 3.11381e-01 
2.47345e-01 3.07104e-01 
2.47725e-01 3.03113e-01 
2.48105e-01 3.01874e-01 
2.48487e-01 2.97861e-01 
2.48868e-01 2.96566e-01 
2.49251e-01 2.92345e-01 
2.49634e-01 2.88418e-01 
2.50017e-01 2.87248e-01 
2.50401e-01 2.83315e-01 
2.50786e-01 2.82109e-01 
2.51171e-01 2.78002e-01 
2.51557e-01 2.74233e-01 
2.51943e-01 2.73388e-01 
2.52330e-01 2.72227e-01 
2.52718e-01 2.68167e-01 
2.53106e-01 2.64450e-01 
2.53495e-01 2.63662e-01 
2.53884e-01 2.62564e-01 
2.54275e-01 2.58575e-01 
2.54665e-01 2.54943e-01 
2.55056e-01 2.54259e-01 
2.55448e-01 2.53314e-01 
2.55841e-01 2.49645e-01 
2.56234e-01 2.48782e-01 
2.56627e-01 2.45248e-01 
2.57021e-01 2.44706e-01 
2.57416e-01 2.44062e-01 
2.57812e-01 2.43135e-01 
2.58208e-01 2.39369e-01 
2.58604e-01 2.36132e-01 
2.59002e-01 2.38302e-01 
2.59400e-01 2.34598e-01 
2.59798e-01 2.31440e-01 
2.60197e-01 2.33731e-01 
2.60597e-01 2.30303e-01 
2.60997e-01 2.29853e-01 
2.61398e-01 2.29182e-01 
2.61800e-01 2.25865e-01 
2.62202e-01 2.25584e-01 
2.62605e-01 2.25282e-01 
2.63008e-01 2.24929e-01 
2.63412e-01 2.24398e-01 
2.63817e-01 2.21382e-01 
2.64222e-01 2.23837e-01 
2.64628e-01 2.20609e-01 
2.65035e-01 2.20429e-01 
2.65442e-01 2.20247e-01 
2.65849e-01 2.20056e-01 
2.66258e-01 2.19830e-01 
2.66667e-01 2.19454e-01 
2.67077e-01 2.16647e-01 
2.67487e-01 2.19491e-01 
2.67898e-01 2.19134e-01 
2.68309e-01 2.16328e-01 
2.68721e-01 2.19063e-01 
2.69134e-01 2.16329e-01 
2.69548e-01 2.19259e-01 
2.69962e-01 2.19010e-01 
2.70376e-01 2.16360e-01 
2.70792e-01 2.19417e-01 
2.71208e-01 2.19457e-01 
2.71624e-01 2.19540e-01 
2.72042e-01 2.19693e-01 
2.72460e-01 2.20049e-01 
2.72878e-01 2.22917e-01 
2.73297e-01 2.20343e-01 
2.73717e-01 2.23487e-01 
2.74138e-01 2.23627e-01 
2.74559e-01 2.23826e-01 
2.74981e-01 2.24126e-01 
2.75403e-01 2.24685e-01 
2.75826e-01 2.27942e-01 
2.76250e-01 2.28251e-01 
2.76674e-01 2.28816e-01 
2.77099e-01 2.32068e-01 
2.77525e-01 2.32341e-01 
2.77951e-01 2.32728e-01 
2.78378e-01 2.33393e-01 
2.78806e-01 2.36794e-01 
2.79234e-01 2.37392e-01 
2.79663e-01 2.40573e-01 
2.80093e-01 2.38519e-01 
2.80523e-01 2.44711e-01 
2.80954e-01 2.42502e-01 
2.81386e-01 2.46255e-01 
2.81818e-01 2.49682e-01 
2.82251e-01 2.50193e-01 
2.82684e-01 2.51010e-01 
2.83119e-01 2.54608e-01 
2.83554e-01 2.55499e-01 
2.83989e-01 2.59315e-01 
2.84425e-01 2.62816e-01 
2.84862e-01 2.63423e-01 
2.85300e-01 2.64382e-01 
2.85738e-01 2.68287e-01 
2.86177e-01 2.71925e-01 
2.86617e-01 2.72836e-01 
2.87057e-01 2.76551e-01 
2.87498e-01 2.77590e-01 
2.87940e-01 2.81620e-01 
2.88382e-01 2.85548e-01 
2.88825e-01 2.89192e-01 
2.89269e-01 2.90002e-01 
2.89713e-01 2.91351e-01 
2.90158e-01 2.98143e-01 
2.90604e-01 2.99211e-01 
2.91050e-01 3.03249e-01 
2.91498e-01 3.07057e-01 
2.91945e-01 3.08216e-01 
2.92394e-01 3.12398e-01 
2.92843e-01 3.16549e-01 
2.93293e-01 3.20634e-01 
2.93743e-01 3.24509e-01 
2.94195e-01 3.25771e-01 
2.94647e-01 3.30211e-01 
2.95099e-01 3.37033e-01 
2.95553e-01 3.38013e-01 
2.96007e-01 3.39607e-01 
2.96461e-01 3.46869e-01 
2.96917e-01 3.51037e-01 
2.97373e-01 3.55039e-01 
2.97830e-01 3.56576e-01 
2.98287e-01 3.63630e-01 
2.98745e-01 3.65174e-01 
2.99204e-01 3.72241e-01 
2.99664e-01 3.73802e-01 
3.00124e-01 3.80889e-01 
3.00585e-01 3.82478e-01 
3.01047e-01 3.89610e-01 
3.01510e-01 3.91281e-01 
3.01973e-01 3.98648e-01 
3.02437e-01 4.02980e-01 
3.02901e-01 4.07331e-01 
3.03367e-01 4.11706e-01 
3.03833e-01 4.16113e-01 
3.04299e-01 4.20593e-01 
3.04767e-01 4.25263e-01 
3.05235e-01 4.32447e-01 
3.05704e-01 4.34185e-01 
3.06174e-01 4.41651e-01 
3.06644e-01 4.46143e-01 
3.07115e-01 4.50834e-01 
3.07587e-01 4.58049e-01 
3.08059e-01 4.59837e-01 
3.08533e-01 4.67389e-01 
3.09007e-01 4.72109e-01 
3.09481e-01 4.79361e-01 
3.09957e-01 4.81225e-01 
3.10433e-01 4.88988e-01 
3.10910e-01 4.96240e-01 
3.11387e-01 4.98110e-01 
3.11866e-01 5.05884e-01 
3.12345e-01 5.13154e-01 
3.12825e-01 5.15055e-01 
3.13305e-01 5.22896e-01 
3.13786e-01 5.30377e-01 
3.14268e-01 5.34887e-01 
3.14751e-01 5.39525e-01 
3.15235e-01 5.44486e-01 
3.15719e-01 5.52349e-01 
3.16204e-01 5.59876e-01 
3.16690e-01 5.64476e-01 
3.17176e-01 5.69372e-01 
3.17664e-01 5.77028e-01 
3.18152e-01 5.81958e-01 
3.18640e-01 5.89778e-01 
3.19130e-01 5.97145e-01 
3.19620e-01 5.99324e-01 
3.20111e-01 6.09910e-01 
3.20603e-01 6.14542e-01 
3.21095e-01 6.19518e-01 
3.21589e-01 6.27422e-01 
3.22083e-01 6.35051e-01 
3.22577e-01 6.39937e-01 
3.23073e-01 6.47606e-01 
3.23569e-01 6.52575e-01 
3.24066e-01 6.60489e-01 
3.24564e-01 6.68139e-01 
3.25063e-01 6.73094e-01 
3.25562e-01 6.80995e-01 
3.26062e-01 6.88633e-01 
3.26563e-01 6.93578e-01 
3.27065e-01 7.01469e-01 
3.27567e-01 7.09104e-01 
3.28070e-01 7.14049e-01 
3.28574e-01 7.21947e-01 
3.29079e-01 7.29600e-01 
3.29585e-01 7.34581e-01 
3.30091e-01 7.42565e-01 
3.30598e-01 7.50470e-01 
3.31106e-01 7.58171e-01 
3.31615e-01 7.63349e-01 
3.32124e-01 7.73958e-01 
3.32634e-01 7.78808e-01 
3.33145e-01 7.86501e-01 
3.33657e-01 7.91687e-01 
3.34170e-01 8.02316e-01 
3.34683e-01 8.07233e-01 
3.35197e-01 8.15156e-01 
3.35712e-01 8.23012e-01 
3.36228e-01 8.30668e-01 
3.36744e-01 8.35825e-01 
3.37262e-01 8.46431e-01 
3.37780e-01 8.51338e-01 
3.38299e-01 8.59272e-01 
3.38818e-01 8.67188e-01 
3.39339e-01 8.75078e-01 
3.39860e-01 8.82934e-01 
3.40382e-01 8.90732e-01 
3.40905e-01 8.98344e-01 
3.41429e-01 9.03473e-01 
3.41953e-01 9.14105e-01 
3.42479e-01 9.19204e-01 
3.43005e-01 9.29800e-01 
3.43532e-01 9.34859e-01 
3.44059e-01 9.45393e-01 
3.44588e-01 9.50265e-01 
3.45117e-01 9.58333e-01 
3.45647e-01 9.68818e-01 
3.46178e-01 9.73626e-01 
3.46710e-01 9.81512e-01 
3.47243e-01 9.89546e-01 
3.47776e-01 1.00001e+00 
3.48310e-01 1.00483e+00 
3.48846e-01 1.01286e+00 
3.49381e-01 1.02335e+00 
3.49918e-01 1.02831e+00 
3.50456e-01 1.03878e+00 
3.50994e-01 1.04373e+00 
3.51533e-01 1.05419e+00 
3.52073e-01 1.05915e+00 
3.52614e-01 1.06963e+00 
3.53156e-01 1.07463e+00 
3.53698e-01 1.08532e+00 
3.54242e-01 1.09295e+00 
3.54786e-01 1.10059e+00 
3.55331e-01 1.10825e+00 
3.55877e-01 1.11594e+00 
3.56423e-01 1.12380e+00 
3.56971e-01 1.13413e+00 
3.57519e-01 1.13895e+00 
3.58069e-01 1.14930e+00 
3.58619e-01 1.15417e+00 
3.59170e-01 1.16474e+00 
3.59721e-01 1.17226e+00 
3.60274e-01 1.17980e+00 
3.60827e-01 1.18739e+00 
3.61382e-01 1.19515e+00 
3.61937e-01 1.20540e+00 
3.62493e-01 1.21018e+00 
3.63050e-01 1.22065e+00 
3.63607e-01 1.22810e+00 
3.64166e-01 1.23558e+00 
3.64725e-01 1.24325e+00 
3.65286e-01 1.25340e+00 
3.65847e-01 1.25808e+00 
3.66409e-01 1.26845e+00 
3.66972e-01 1.27578e+00 
3.67536e-01 1.28314e+00 
3.68100e-01 1.29056e+00 
3.68666e-01 1.29819e+00 
3.69232e-01 1.30846e+00 
3.69799e-01 1.31570e+00 
3.70367e-01 1.32294e+00 
3.70936e-01 1.33021e+00 
3.71506e-01 1.33754e+00 
3.72077e-01 1.34509e+00 
3.72648e-01 1.35529e+00 
3.73221e-01 1.36246e+00 
3.73794e-01 1.36970e+00 
3.74368e-01 1.37713e+00 
3.74943e-01 1.38718e+00 
3.75519e-01 1.39404e+00 
3.76096e-01 1.39853e+00 
3.76674e-01 1.40888e+00 
3.77253e-01 1.41867e+00 
3.77832e-01 1.42300e+00 
3.78413e-01 1.43301e+00 
3.78994e-01 1.44000e+00 
3.79576e-01 1.44703e+00 
3.80159e-01 1.45425e+00 
3.80743e-01 1.46396e+00 
3.81328e-01 1.46822e+00 
3.81914e-01 1.47821e+00 
3.82501e-01 1.48533e+00 
3.83088e-01 1.49494e+00 
3.83677e-01 1.49907e+00 
3.84266e-01 1.50891e+00 
3.84857e-01 1.51571e+00 
3.85448e-01 1.52258e+00 
3.86040e-01 1.52967e+00 
3.86633e-01 1.53939e+00 
3.87227e-01 1.54608e+00 
3.87822e-01 1.55278e+00 
3.88418e-01 1.55955e+00 
3.89014e-01 1.56653e+00 
3.89612e-01 1.57614e+00 
3.90210e-01 1.58271e+00 
3.90810e-01 1.58929e+00 
3.91410e-01 1.59592e+00 
3.92011e-01 1.60273e+00 
3.92614e-01 1.61202e+00 
3.93217e-01 1.61584e+00 
3.93821e-01 1.62537e+00 
3.94426e-01 1.63190e+00 
3.95032e-01 1.63863e+00 
3.95639e-01 1.64795e+00 
3.96246e-01 1.65408e+00 
3.96855e-01 1.65780e+00 
3.97465e-01 1.66724e+00 
3.98075e-01 1.67381e+00 
3.98687e-01 1.68284e+00 
3.99299e-01 1.68641e+00 
3.99913e-01 1.69564e+00 
4.00527e-01 1.70182e+00 
4.01142e-01 1.70800e+00 
4.01759e-01 1.71419e+00 
4.02376e-01 1.72042e+00 
4.02994e-01 1.72681e+00 
4.03613e-01 1.73569e+00 
4.04233e-01 1.73908e+00 
4.04854e-01 1.74816e+00 
4.05476e-01 1.75418e+00 
4.06099e-01 1.76024e+00 
4.06723e-01 1.76645e+00 
4.07347e-01 1.77509e+00 
4.07973e-01 1.77809e+00 
4.08600e-01 1.78432e+00 
4.09228e-01 1.79317e+00 
4.09856e-01 1.79892e+00 
4.10486e-01 1.80451e+00 
4.11117e-01 1.80767e+00 
4.11748e-01 1.81654e+00 
4.12381e-01 1.82250e+00 
4.13014e-01 1.83087e+00 
4.13649e-01 1.83354e+00 
4.14284e-01 1.83929e+00 
4.14920e-01 1.84518e+00 
4.15558e-01 1.85349e+00 
4.16196e-01 1.85614e+00 
4.16836e-01 1.86197e+00 
4.17476e-01 1.87027e+00 
4.18117e-01 1.87302e+00 
4.18760e-01 1.88128e+00 
4.19403e-01 1.88402e+00 
4.20047e-01 1.89238e+00 
4.20692e-01 1.89750e+00 
4.21339e-01 1.90011e+00 
4.21986e-01 1.90822e+00 
4.22634e-01 1.91078e+00 
4.23284e-01 1.91882e+00 
4.23934e-01 1.92131e+00 
4.24585e-01 1.92926e+00 
4.25237e-01 1.93152e+00 
4.25890e-01 1.93696e+00 
4.26545e-01 1.94478e+00 
4.27200e-01 1.94689e+00 
4.27856e-01 1.95201e+00 
4.28514e-01 1.95709e+00 
4.29172e-01 1.96213e+00 
4.29831e-01 1.96711e+00 
4.30491e-01 1.97202e+00 
4.31153e-01 1.97670e+00 
4.31815e-01 1.97886e+00 
4.32478e-01 1.98646e+00 
4.33143e-01 1.98832e+00 
4.33808e-01 1.99320e+00 
4.34475e-01 1.99800e+00 
4.35142e-01 2.00272e+00 
4.35811e-01 2.00722e+00 
4.36480e-01 2.00918e+00 
4.37151e-01 2.01656e+00 
4.37822e-01 2.01820e+00 
4.38495e-01 2.02279e+00 
4.39168e-01 2.02715e+00 
4.39843e-01 2.02897e+00 
4.40519e-01 2.03619e+00 
4.41195e-01 2.03763e+00 
4.41873e-01 2.04188e+00 
4.42552e-01 2.04359e+00 
4.43232e-01 2.05069e+00 
4.43913e-01 2.05199e+00 
4.44595e-01 2.05607e+00 
4.45278e-01 2.05744e+00 
4.45962e-01 2.06179e+00 
4.46647e-01 2.06600e+00 
4.47333e-01 2.06994e+00 
4.48020e-01 2.07115e+00 
4.48708e-01 2.07528e+00 
4.49398e-01 2.07911e+00 
4.50088e-01 2.08019e+00 
4.50779e-01 2.08386e+00 
4.51472e-01 2.08661e+00 
4.52165e-01 2.08958e+00 
4.52860e-01 2.09195e+00 
4.53556e-01 2.09461e+00 
4.54253e-01 2.09747e+00 
4.54950e-01 2.09973e+00 
4.55649e-01 2.10199e+00 
4.56349e-01 2.10475e+00 
4.57050e-01 2.10663e+00 
4.57752e-01 2.10906e+00 
4.58456e-01 2.11117e+00 
4.59160e-01 2.11351e+00 
4.59865e-01 2.11524e+00 
4.60572e-01 2.11724e+00 
4.61279e-01 2.11921e+00 
4.61988e-01 2.12112e+00 
4.62698e-01 2.12273e+00 
4.63408e-01 2.12459e+00 
4.64120e-01 2.12612e+00 
4.64833e-01 2.12788e+00 
4.65547e-01 2.12907e+00 
4.66262e-01 2.13077e+00 
4.66979e-01 2.13186e+00 
4.67696e-01 2.13324e+00 
4.68415e-01 2.13457e+00 
4.69134e-01 2.13585e+00 
4.69855e-01 2.13679e+00 
4.70577e-01 2.13774e+00 
4.71300e-01 2.13889e+00 
4.72024e-01 2.13947e+00 
4.72749e-01 2.14057e+00 
4.73475e-01 2.14106e+00 
4.74202e-01 2.14183e+00 
4.74931e-01 2.14254e+00 
4.75660e-01 2.14294e+00 
4.76391e-01 2.14358e+00 
4.77123e-01 2.14389e+00 
4.77856e-01 2.14418e+00 
4.78590e-01 2.14447e+00 
4.79325e-01 2.14493e+00 
4.80061e-01 2.14456e+00 
4.80799e-01 2.14499e+00 
4.81538e-01 2.14479e+00 
4.82277e-01 2.14462e+00 
4.83018e-01 2.14466e+00 
4.83760e-01 2.14439e+00 
4.84503e-01 2.14407e+00 
4.85248e-01 2.14373e+00 
4.85993e-01 2.14332e+00 
4.86740e-01 2.14264e+00 
4.87487e-01 2.14221e+00 
4.88236e-01 2.14169e+00 
4.88986e-01 2.14059e+00 
4.89737e-01 2.14007e+00 
4.90490e-01 2.13919e+00 
4.91243e-01 2.13825e+00 
4.91998e-01 2.13704e+00 
4.92754e-01 2.13634e+00 
4.93511e-01 2.13476e+00 
4.94269e-01 2.13400e+00 
4.95028e-01 2.13234e+00 
4.95789e-01 2.13123e+00 
4.96550e-01 2.12951e+00 
4.97313e-01 2.12834e+00 
4.98077e-01 2.12654e+00 
4.98842e-01 2.12500e+00 
4.99608e-01 2.12316e+00 
5.00376e-01 2.12158e+00 
5.01145e-01 2.11967e+00 
5.01914e-01 2.11799e+00 
5.02686e-01 2.11569e+00 
5.03458e-01 2.11368e+00 
5.04231e-01 2.11163e+00 
5.05006e-01 2.10926e+00 
5.05782e-01 2.10713e+00 
5.06559e-01 2.10469e+00 
5.07337e-01 2.10225e+00 
5.08116e-01 2.10001e+00 
5.08897e-01 2.09720e+00 
5.09678e-01 2.09464e+00 
5.10461e-01 2.09203e+00 
5.11246e-01 2.08913e+00 
5.12031e-01 2.08648e+00 
5.12818e-01 2.08351e+00 
5.13605e-01 2.08078e+00 
5.14394e-01 2.07743e+00 
5.15185e-01 2.07438e+00 
5.15976e-01 2.07128e+00 
5.16769e-01 2.06814e+00 
5.17562e-01 2.06468e+00 
5.18358e-01 2.06122e+00 
5.19154e-01 2.05800e+00 
5.19951e-01 2.05444e+00 
5.20750e-01 2.05085e+00 
5.21550e-01 2.04699e+00 
5.22351e-01 2.04364e+00 
5.23154e-01 2.03969e+00 
5.23957e-01 2.03572e+00 
5.24762e-01 2.03201e+00 
5.25568e-01 2.02796e+00 
5.26376e-01 2.02390e+00 
5.27184e-01 2.01979e+00 
5.27994e-01 2.01540e+00 
5.28805e-01 2.01154e+00 
5.29618e-01 2.00705e+00 
5.30431e-01 2.00258e+00 
5.31246e-01 1.99836e+00 
5.32062e-01 1.99379e+00 
5.32880e-01 1.98919e+00 
5.33698e-01 1.98432e+00 
5.34518e-01 1.97999e+00 
5.35339e-01 1.97505e+00 
5.36162e-01 1.97036e+00 
5.36985e-01 1.96538e+00 
5.37810e-01 1.96062e+00 
5.38636e-01 1.95529e+00 
5.39464e-01 1.95049e+00 
5.40293e-01 1.94513e+00 
5.41123e-01 1.94028e+00 
5.41954e-01 1.93481e+00 
5.42786e-01 1.92936e+00 
5.43620e-01 1.92417e+00 
5.44455e-01 1.91867e+00 
5.45292e-01 1.91340e+00 
5.46129e-01 1.90753e+00 
5.46968e-01 1.90196e+00 
5.47809e-01 1.89635e+00 
5.48650e-01 1.89071e+00 
5.49493e-01 1.88477e+00 
5.50337e-01 1.87908e+00 
5.51183e-01 1.87308e+00 
5.52029e-01 1.86708e+00 
5.52877e-01 1.86105e+00 
5.53727e-01 1.85499e+00 
5.54577e-01 1.84892e+00 
5.55429e-01 1.84281e+00 
5.56283e-01 1.83640e+00 
5.57137e-01 1.83025e+00 
5.57993e-01 1.82380e+00 
5.58850e-01 1.81761e+00 
5.59709e-01 1.81083e+00 
5.60569e-01 1.80459e+00 
5.61430e-01 1.79778e+00 
5.62292e-01 1.79151e+00 
5.63156e-01 1.78462e+00 
5.64021e-01 1.77775e+00 
5.64887e-01 1.77117e+00 
5.65755e-01 1.76451e+00 
5.66624e-01 1.75729e+00 
5.67495e-01 1.75063e+00 
5.68367e-01 1.74363e+00 
5.69240e-01 1.73638e+00 
5.70114e-01 1.72965e+00 
5.70990e-01 1.72234e+00 
5.71867e-01 1.71529e+00 
5.72746e-01 1.70796e+00 
5.73626e-01 1.70088e+00 
5.74507e-01 1.69351e+00 
5.75389e-01 1.68638e+00 
5.76273e-01 1.67868e+00 
5.77158e-01 1.67128e+00 
5.78045e-01 1.66411e+00 
5.78933e-01 1.65634e+00 
5.79822e-01 1.64862e+00 
5.80713e-01 1.64142e+00 
5.81605e-01 1.63362e+00 
5.82499e-01 1.62583e+00 
5.83394e-01 1.61830e+00 
5.84290e-01 1.61047e+00 
5.85187e-01 1.60263e+00 
5.86086e-01 1.59478e+00 
5.86987e-01 1.58691e+00 
5.87888e-01 1.57903e+00 
5.88792e-01 1.57088e+00 
5.89696e-01 1.56326e+00 
5.90602e-01 1.55505e+00 
5.91509e-01 1.54686e+00 
5.92418e-01 1.53895e+00 
5.93328e-01 1.53098e+00 
5.94239e-01 1.52246e+00 
5.95152e-01 1.51451e+00 
5.96067e-01 1.50625e+00 
5.96982e-01 1.49799e+00 
5.97899e-01 1.48972e+00 
5.98818e-01 1.48144e+00 
5.99738e-01 1.47313e+00 
6.00659e-01 1.46455e+00 
6.01582e-01 1.45626e+00 
6.02506e-01 1.44794e+00 
6.03432e-01 1.43934e+00 
6.04359e-01 1.43101e+00 
6.05287e-01 1.42238e+00 
6.06217e-01 1.41378e+00 
6.07148e-01 1.40544e+00 
6.08081e-01 1.39679e+00 
6.09015e-01 1.38815e+00 
6.09950e-01 1.37950e+00 
6.10887e-01 1.37085e+00 
6.11826e-01 1.36218e+00 
6.12766e-01 1.35326e+00 
6.13707e-01 1.34489e+00 
6.14650e-01 1.33596e+00 
6.15594e-01 1.32756e+00 
6.16540e-01 1.31833e+00 
6.17487e-01 1.30995e+00 
6.18436e-01 1.30097e+00 
6.19386e-01 1.29202e+00 
6.20337e-01 1.28335e+00 
6.21290e-01 1.27440e+00 
6.22244e-01 1.26572e+00 
6.23200e-01 1.25675e+00 
6.24158e-01 1.24781e+00 
6.25117e-01 1.23913e+00 
6.26077e-01 1.23016e+00 
6.27039e-01 1.22119e+00 
6.28002e-01 1.21223e+00 
6.28967e-01 1.20327e+00 
6.29933e-01 1.19432e+00 
6.30901e-01 1.18537e+00 
6.31870e-01 1.17642e+00 
6.32840e-01 1.16748e+00 
6.33813e-01 1.15854e+00 
6.34786e-01 1.14960e+00 
6.35761e-01 1.14064e+00 
6.36738e-01 1.13142e+00 
6.37716e-01 1.12253e+00 
6.38696e-01 1.11386e+00 
6.39677e-01 1.10438e+00 
6.40660e-01 1.09576e+00 
6.41644e-01 1.08659e+00 
6.42630e-01 1.07794e+00 
6.43617e-01 1.06849e+00 
6.44606e-01 1.05989e+00 
6.45596e-01 1.05072e+00 
6.46588e-01 1.04183e+00 
6.47581e-01 1.03269e+00 
6.48576e-01 1.02384e+00 
6.49572e-01 1.01498e+00 
6.50570e-01 1.00586e+00 
6.51569e-01 9.97043e-01 
6.52570e-01 9.88204e-01 
6.53573e-01 9.79101e-01 
6.54577e-01 9.70286e-01 
6.55582e-01 9.61213e-01 
6.56589e-01 9.52442e-01 
6.57598e-01 9.43653e-01 
6.58608e-01 9.34601e-01 
6.59620e-01 9.25841e-01 
6.60633e-01 9.16822e-01 
6.61648e-01 9.08114e-01 
6.62665e-01 8.99406e-01 
6.63683e-01 8.90684e-01 
6.64702e-01 8.81706e-01 
6.65723e-01 8.73034e-01 
6.66746e-01 8.64350e-01 
6.67770e-01 8.55413e-01 
6.68796e-01 8.46789e-01 
6.69823e-01 8.38174e-01 
6.70852e-01 8.29563e-01 
6.71883e-01 8.20947e-01 
6.72915e-01 8.12094e-01 
6.73949e-01 8.03800e-01 
6.74984e-01 7.94954e-01 
6.76021e-01 7.86427e-01 
6.77060e-01 7.77930e-01 
6.78100e-01 7.69693e-01 
6.79141e-01 7.60910e-01 
6.80185e-01 7.52532e-01 
6.81230e-01 7.44136e-01 
6.82276e-01 7.35755e-01 
6.83324e-01 7.27367e-01 
6.84374e-01 7.19078e-01 
6.85425e-01 7.10749e-01 
6.86478e-01 7.02496e-01 
6.87533e-01 6.94233e-01 
6.88589e-01 6.86043e-01 
6.89647e-01 6.77848e-01 
6.90706e-01 6.69728e-01 
6.91767e-01 6.61622e-01 
6.92830e-01 6.53511e-01 
6.93894e-01 6.45506e-01 
6.94960e-01 6.37493e-01 
6.96028e-01 6.29551e-01 
6.97097e-01 6.21576e-01 
6.98168e-01 6.13709e-01 
6.99241e-01 6.05860e-01 
7.00315e-01 5.98034e-01 
7.01391e-01 5.90283e-01 
7.02468e-01 5.82523e-01 
7.03547e-01 5.74816e-01 
7.04628e-01 5.67160e-01 
7.05710e-01 5.59556e-01 
7.06795e-01 5.51996e-01 
7.07880e-01 5.44435e-01 
7.08968e-01 5.36979e-01 
7.10057e-01 5.29517e-01 
7.11148e-01 5.22108e-01 
7.12240e-01 5.14777e-01 
7.13334e-01 5.07441e-01 
7.14430e-01 5.00188e-01 
7.15528e-01 4.92981e-01 
7.16627e-01 4.85798e-01 
7.17728e-01 4.78642e-01 
7.18830e-01 4.71597e-01 
7.19935e-01 4.64570e-01 
7.21040e-01 4.57568e-01 
7.22148e-01 4.50621e-01 
7.23258e-01 4.43755e-01 
7.24369e-01 4.36911e-01 
7.25481e-01 4.30124e-01 
7.26596e-01 4.23414e-01 
7.27712e-01 4.16701e-01 
7.28830e-01 4.10068e-01 
7.29950e-01 4.03465e-01 
7.31071e-01 3.96970e-01 
7.32194e-01 3.90469e-01 
7.33319e-01 3.84027e-01 
7.34445e-01 3.77692e-01 
7.35574e-01 3.71351e-01 
7.36704e-01 3.65068e-01 
7.37835e-01 3.58869e-01 
7.38969e-01 3.52718e-01 
7.40104e-01 3.46595e-01 
7.41241e-01 3.40529e-01 
7.42380e-01 3.34573e-01 
7.43520e-01 3.28610e-01 
7.44662e-01 3.22706e-01 
7.45806e-01 3.16911e-01 
7.46952e-01 3.11112e-01 
7.48099e-01 3.05399e-01 
7.49249e-01 2.99739e-01 
7.50400e-01 2.94132e-01 
7.51552e-01 2.88581e-01 
7.52707e-01 2.83086e-01 
7.53863e-01 2.77671e-01 
7.55021e-01 2.72281e-01 
7.56181e-01 2.66948e-01 
7.57343e-01 2.61698e-01 
7.58506e-01 2.56500e-01 
7.59671e-01 2.51330e-01 
7.60838e-01 2.46269e-01 
7.62007e-01 2.41208e-01 
7.63178e-01 2.36258e-01 
7.64350e-01 2.31334e-01 
7.65524e-01 2.26491e-01 
7.66700e-01 2.21673e-01 
7.67878e-01 2.16939e-01 
7.69058e-01 2.12260e-01 
7.70239e-01 2.07633e-01 
7.71423e-01 2.03062e-01 
7.72608e-01 1.98573e-01 
7.73795e-01 1.94110e-01 
7.74983e-01 1.89728e-01 
7.76174e-01 1.85400e-01 
7.77366e-01 1.81126e-01 
7.78560e-01 1.76906e-01 
7.79756e-01 1.72767e-01 
7.80954e-01 1.68653e-01 
7.82154e-01 1.64621e-01 
7.83355e-01 1.60642e-01 
7.84559e-01 1.56715e-01 
7.85764e-01 1.52841e-01 
7.86971e-01 1.49023e-01 
7.88180e-01 1.45285e-01 
7.89391e-01 1.41599e-01 
7.90604e-01 1.37964e-01 
7.91818e-01 1.34355e-01 
7.93035e-01 1.30868e-01 
7.94253e-01 1.27390e-01 
7.95473e-01 1.23980e-01 
7.96695e-01 1.20630e-01 
7.97919e-01 1.17332e-01 
7.99145e-01 1.14093e-01 
8.00372e-01 1.10906e-01 
8.01602e-01 1.07776e-01 
8.02833e-01 1.04703e-01 
8.04066e-01 1.01684e-01 
8.05302e-01 9.87151e-02 
8.06539e-01 9.58084e-02 
8.07778e-01 9.29492e-02 
8.09019e-01 9.01458e-02 
8.10262e-01 8.73957e-02 
8.11506e-01 8.47008e-02 
8.12753e-01 8.20554e-02 
8.14001e-01 7.94624e-02 
8.15252e-01 7.69216e-02 
8.16504e-01 7.44328e-02 
8.17759e-01 7.19958e-02 
8.19015e-01 6.96101e-02 
8.20273e-01 6.72730e-02 
8.21533e-01 6.49869e-02 
8.22795e-01 6.27516e-02 
8.24059e-01 6.05614e-02 
8.25325e-01 5.84245e-02 
8.26593e-01 5.63323e-02 
8.27863e-01 5.42927e-02 
8.29135e-01 5.22943e-02 
8.30408e-01 5.03459e-02 
8.31684e-01 4.84466e-02 
8.32962e-01 4.65905e-02 
8.34241e-01 4.47777e-02 
8.35523e-01 4.30137e-02 
8.36806e-01 4.12924e-02 
8.38092e-01 3.96163e-02 
8.39379e-01 3.79824e-02 
8.40669e-01 3.63905e-02 
8.41960e-01 3.48435e-02 
8.43254e-01 3.33378e-02 
8.44549e-01 3.18735e-02 
8.45846e-01 3.04499e-02 
8.47146e-01 2.90645e-02 
8.48447e-01 2.77225e-02 
8.49751e-01 2.64177e-02 
8.51056e-01 2.51504e-02 
8.52363e-01 2.39254e-02 
8.53673e-01 2.27315e-02 
8.54984e-01 2.15801e-02 
8.56298e-01 2.04641e-02 
8.57613e-01 1.93789e-02 
8.58930e-01 1.83351e-02 
8.60250e-01 1.73237e-02 
8.61571e-01 1.63455e-02 
8.62895e-01 1.54011e-02 
8.64221e-01 1.44897e-02 
8.65548e-01 1.36107e-02 
8.66878e-01 1.27629e-02 
8.68210e-01 1.19463e-02 
8.69543e-01 1.11602e-02 
8.70879e-01 1.04035e-02 
8.72217e-01 9.67662e-03 
8.73557e-01 8.97778e-03 
8.74899e-01 8.30736e-03 
8.76243e-01 7.66422e-03 
8.77589e-01 7.04757e-03 
8.78937e-01 6.45748e-03 
8.80287e-01 5.89283e-03 
8.81640e-01 5.35334e-03 
8.82994e-01 4.83794e-03 
8.84350e-01 4.34618e-03 
8.85709e-01 3.87831e-03 
8.87070e-01 3.43238e-03 
8.88432e-01 3.00854e-03 
8.89797e-01 2.60648e-03 
8.91164e-01 2.22511e-03 
8.92533e-01 1.86370e-03 
8.93904e-01 1.52229e-03 
8.95277e-01 1.20005e-03 
8.96653e-01 8.95960e-04 
8.98030e-01 6.10340e-04 
8.99410e-01 3.41593e-04 
9.00791e-01 9.03150e-05 
9.02175e-01 -1.45351e-04 
9.03561e-01 -3.64512e-04 
9.04949e-01 -5.69050e-04 
9.06339e-01 -7.58356e-04 
9.07732e-01 -9.33905e-04 
9.09126e-01 -1.09561e-03 
9.10523e-01 -1.24422e-03 
9.11921e-01 -1.38017e-03 
9.13322e-01 -1.50394e-03 
9.14725e-01 -1.61604e-03 
9.16131e-01 -1.71700e-03 
9.17538e-01 -1.80722e-03 
9.18947e-01 -1.88723e-03 
9.20359e-01 -1.95738e-03 
9.21773e-01 -2.01824e-03 
9.23189e-01 -2.07018e-03 
9.24607e-01 -2.11360e-03 
9.26028e-01 -2.14904e-03 
9.27450e-01 -2.17675e-03 
9.28875e-01 -2.19724e-03 
9.30302e-01 -2.21085e-03 
9.31731e-01 -2.21802e-03 
9.33162e-01 -2.21906e-03 
9.34596e-01 -2.21433e-03 
9.36032e-01 -2.20421e-03 
9.37470e-01 -2.18902e-03 
9.38910e-01 -2.16910e-03 
9.40352e-01 -2.14476e-03 
9.41797e-01 -2.11632e-03 
9.43243e-01 -2.08405e-03 
9.44692e-01 -2.04828e-03 
9.46144e-01 -2.00923e-03 
9.47597e-01 -1.96721e-03 
9.49053e-01 -1.92245e-03 
9.50511e-01 -1.87520e-03 
9.51971e-01 -1.82570e-03 
9.53433e-01 -1.77417e-03 
9.54898e-01 -1.72081e-03 
9.56365e-01 -1.66583e-03 
9.57834e-01 -1.60943e-03 
9.59306e-01 -1.55179e-03 
9.60779e-01 -1.49307e-03 
9.62255e-01 -1.43344e-03 
9.63733e-01 -1.37306e-03 
9.65214e-01 -1.31206e-03 
9.66697e-01 -1.25060e-03 
9.68182e-01 -1.18878e-03 
9.69669e-01 -1.12676e-03 
9.71159e-01 -1.06461e-03 
9.72651e-01 -1.00247e-03 
9.74145e-01 -9.40423e-04 
9.75641e-01 -8.78569e-04 
9.77140e-01 -8.17001e-04 
9.78641e-01 -7.55805e-04 
9.80144e-01 -6.95067e-04 
9.81650e-01 -6.34870e-04 
9.83158e-01 -5.75300e-04 
9.84669e-01 -5.16444e-04 
9.86181e-01 -4.58393e-04 
9.87696e-01 -4.01249e-04 
9.89213e-01 -3.45129e-04 
9.90733e-01 -2.90169e-04 
9.92255e-01 -2.36543e-04 
9.93779e-01 -1.84477e-04 
9.95306e-01 -1.34292e-04 
9.96835e-01 -8.64982e-05 
9.98366e-01 -4.20305e-05 
9.99900e-01 -3.23953e-06 
