1.00000e-02 -1.26190e+01 
1.00154e-02 -1.26198e+01 
1.00307e-02 -1.26207e+01 
1.00462e-02 -1.26214e+01 
1.00616e-02 -1.26221e+01 
1.00770e-02 -1.26230e+01 
1.00925e-02 -1.26236e+01 
1.01080e-02 -1.26244e+01 
1.01236e-02 -1.26249e+01 
1.01391e-02 -1.26256e+01 
1.01547e-02 -1.26261e+01 
1.01703e-02 -1.26267e+01 
1.01859e-02 -1.26273e+01 
1.02016e-02 -1.26277e+01 
1.02172e-02 -1.26282e+01 
1.02329e-02 -1.26287e+01 
1.02486e-02 -1.26291e+01 
1.02644e-02 -1.26295e+01 
1.02802e-02 -1.26298e+01 
1.02959e-02 -1.26303e+01 
1.03118e-02 -1.26304e+01 
1.03276e-02 -1.26308e+01 
1.03435e-02 -1.26309e+01 
1.03594e-02 -1.26312e+01 
1.03753e-02 -1.26314e+01 
1.03912e-02 -1.26316e+01 
1.04072e-02 -1.26317e+01 
1.04232e-02 -1.26318e+01 
1.04392e-02 -1.26319e+01 
1.04552e-02 -1.26320e+01 
1.04713e-02 -1.26321e+01 
1.04874e-02 -1.26320e+01 
1.05035e-02 -1.26320e+01 
1.05196e-02 -1.26319e+01 
1.05358e-02 -1.26319e+01 
1.05520e-02 -1.26317e+01 
1.05682e-02 -1.26317e+01 
1.05844e-02 -1.26315e+01 
1.06007e-02 -1.26312e+01 
1.06169e-02 -1.26312e+01 
1.06333e-02 -1.26308e+01 
1.06496e-02 -1.26306e+01 
1.06659e-02 -1.26304e+01 
1.06823e-02 -1.26301e+01 
1.06987e-02 -1.26298e+01 
1.07152e-02 -1.26293e+01 
1.07316e-02 -1.26290e+01 
1.07481e-02 -1.26286e+01 
1.07646e-02 -1.26281e+01 
1.07812e-02 -1.26275e+01 
1.07977e-02 -1.26271e+01 
1.08143e-02 -1.26266e+01 
1.08309e-02 -1.26260e+01 
1.08476e-02 -1.26254e+01 
1.08642e-02 -1.26249e+01 
1.08809e-02 -1.26242e+01 
1.08976e-02 -1.26236e+01 
1.09144e-02 -1.26229e+01 
1.09311e-02 -1.26222e+01 
1.09479e-02 -1.26215e+01 
1.09648e-02 -1.26207e+01 
1.09816e-02 -1.26199e+01 
1.09985e-02 -1.26191e+01 
1.10154e-02 -1.26182e+01 
1.10323e-02 -1.26174e+01 
1.10492e-02 -1.26166e+01 
1.10662e-02 -1.26156e+01 
1.10832e-02 -1.26147e+01 
1.11002e-02 -1.26137e+01 
1.11173e-02 -1.26127e+01 
1.11344e-02 -1.26117e+01 
1.11515e-02 -1.26107e+01 
1.11686e-02 -1.26096e+01 
1.11858e-02 -1.26085e+01 
1.12029e-02 -1.26074e+01 
1.12202e-02 -1.26063e+01 
1.12374e-02 -1.26051e+01 
1.12547e-02 -1.26039e+01 
1.12719e-02 -1.26028e+01 
1.12893e-02 -1.26015e+01 
1.13066e-02 -1.26003e+01 
1.13240e-02 -1.25990e+01 
1.13414e-02 -1.25977e+01 
1.13588e-02 -1.25963e+01 
1.13762e-02 -1.25951e+01 
1.13937e-02 -1.25936e+01 
1.14112e-02 -1.25923e+01 
1.14288e-02 -1.25907e+01 
1.14463e-02 -1.25894e+01 
1.14639e-02 -1.25879e+01 
1.14815e-02 -1.25864e+01 
1.14991e-02 -1.25849e+01 
1.15168e-02 -1.25834e+01 
1.15345e-02 -1.25817e+01 
1.15522e-02 -1.25802e+01 
1.15700e-02 -1.25785e+01 
1.15877e-02 -1.25770e+01 
1.16055e-02 -1.25753e+01 
1.16234e-02 -1.25735e+01 
1.16412e-02 -1.25719e+01 
1.16591e-02 -1.25701e+01 
1.16770e-02 -1.25684e+01 
1.16950e-02 -1.25666e+01 
1.17129e-02 -1.25648e+01 
1.17309e-02 -1.25630e+01 
1.17489e-02 -1.25612e+01 
1.17670e-02 -1.25592e+01 
1.17851e-02 -1.25573e+01 
1.18032e-02 -1.25554e+01 
1.18213e-02 -1.25534e+01 
1.18395e-02 -1.25515e+01 
1.18576e-02 -1.25496e+01 
1.18759e-02 -1.25475e+01 
1.18941e-02 -1.25455e+01 
1.19124e-02 -1.25434e+01 
1.19307e-02 -1.25413e+01 
1.19490e-02 -1.25393e+01 
1.19674e-02 -1.25371e+01 
1.19857e-02 -1.25350e+01 
1.20042e-02 -1.25328e+01 
1.20226e-02 -1.25307e+01 
1.20411e-02 -1.25283e+01 
1.20596e-02 -1.25261e+01 
1.20781e-02 -1.25239e+01 
1.20966e-02 -1.25217e+01 
1.21152e-02 -1.25194e+01 
1.21338e-02 -1.25170e+01 
1.21525e-02 -1.25146e+01 
1.21711e-02 -1.25123e+01 
1.21898e-02 -1.25100e+01 
1.22086e-02 -1.25075e+01 
1.22273e-02 -1.25051e+01 
1.22461e-02 -1.25026e+01 
1.22649e-02 -1.25001e+01 
1.22838e-02 -1.24976e+01 
1.23026e-02 -1.24952e+01 
1.23215e-02 -1.24926e+01 
1.23405e-02 -1.24899e+01 
1.23594e-02 -1.24874e+01 
1.23784e-02 -1.24848e+01 
1.23974e-02 -1.24822e+01 
1.24165e-02 -1.24795e+01 
1.24355e-02 -1.24769e+01 
1.24546e-02 -1.24742e+01 
1.24738e-02 -1.24714e+01 
1.24929e-02 -1.24688e+01 
1.25121e-02 -1.24660e+01 
1.25314e-02 -1.24631e+01 
1.25506e-02 -1.24604e+01 
1.25699e-02 -1.24575e+01 
1.25892e-02 -1.24547e+01 
1.26085e-02 -1.24518e+01 
1.26279e-02 -1.24489e+01 
1.26473e-02 -1.24461e+01 
1.26667e-02 -1.24432e+01 
1.26862e-02 -1.24402e+01 
1.27057e-02 -1.24372e+01 
1.27252e-02 -1.24342e+01 
1.27447e-02 -1.24313e+01 
1.27643e-02 -1.24283e+01 
1.27839e-02 -1.24252e+01 
1.28036e-02 -1.24221e+01 
1.28232e-02 -1.24191e+01 
1.28429e-02 -1.24159e+01 
1.28627e-02 -1.24127e+01 
1.28824e-02 -1.24096e+01 
1.29022e-02 -1.24064e+01 
1.29220e-02 -1.24033e+01 
1.29419e-02 -1.24000e+01 
1.29618e-02 -1.23967e+01 
1.29817e-02 -1.23935e+01 
1.30016e-02 -1.23903e+01 
1.30216e-02 -1.23870e+01 
1.30416e-02 -1.23837e+01 
1.30616e-02 -1.23803e+01 
1.30817e-02 -1.23770e+01 
1.31018e-02 -1.23736e+01 
1.31219e-02 -1.23702e+01 
1.31421e-02 -1.23667e+01 
1.31623e-02 -1.23633e+01 
1.31825e-02 -1.23599e+01 
1.32027e-02 -1.23565e+01 
1.32230e-02 -1.23529e+01 
1.32433e-02 -1.23495e+01 
1.32637e-02 -1.23459e+01 
1.32841e-02 -1.23423e+01 
1.33045e-02 -1.23388e+01 
1.33249e-02 -1.23352e+01 
1.33454e-02 -1.23316e+01 
1.33659e-02 -1.23279e+01 
1.33864e-02 -1.23244e+01 
1.34070e-02 -1.23207e+01 
1.34276e-02 -1.23169e+01 
1.34482e-02 -1.23132e+01 
1.34689e-02 -1.23095e+01 
1.34895e-02 -1.23059e+01 
1.35103e-02 -1.23020e+01 
1.35310e-02 -1.22983e+01 
1.35518e-02 -1.22945e+01 
1.35726e-02 -1.22906e+01 
1.35935e-02 -1.22868e+01 
1.36144e-02 -1.22829e+01 
1.36353e-02 -1.22791e+01 
1.36562e-02 -1.22752e+01 
1.36772e-02 -1.22713e+01 
1.36982e-02 -1.22674e+01 
1.37192e-02 -1.22635e+01 
1.37403e-02 -1.22595e+01 
1.37614e-02 -1.22554e+01 
1.37826e-02 -1.22514e+01 
1.38037e-02 -1.22474e+01 
1.38250e-02 -1.22433e+01 
1.38462e-02 -1.22393e+01 
1.38675e-02 -1.22352e+01 
1.38888e-02 -1.22311e+01 
1.39101e-02 -1.22270e+01 
1.39315e-02 -1.22229e+01 
1.39529e-02 -1.22187e+01 
1.39743e-02 -1.22146e+01 
1.39958e-02 -1.22104e+01 
1.40173e-02 -1.22061e+01 
1.40388e-02 -1.22020e+01 
1.40604e-02 -1.21977e+01 
1.40820e-02 -1.21934e+01 
1.41036e-02 -1.21892e+01 
1.41253e-02 -1.21849e+01 
1.41470e-02 -1.21805e+01 
1.41687e-02 -1.21762e+01 
1.41905e-02 -1.21719e+01 
1.42123e-02 -1.21675e+01 
1.42341e-02 -1.21631e+01 
1.42560e-02 -1.21587e+01 
1.42779e-02 -1.21543e+01 
1.42998e-02 -1.21499e+01 
1.43218e-02 -1.21454e+01 
1.43438e-02 -1.21409e+01 
1.43658e-02 -1.21365e+01 
1.43879e-02 -1.21319e+01 
1.44100e-02 -1.21274e+01 
1.44321e-02 -1.21229e+01 
1.44543e-02 -1.21183e+01 
1.44765e-02 -1.21137e+01 
1.44987e-02 -1.21092e+01 
1.45210e-02 -1.21045e+01 
1.45433e-02 -1.20999e+01 
1.45656e-02 -1.20953e+01 
1.45880e-02 -1.20906e+01 
1.46104e-02 -1.20859e+01 
1.46329e-02 -1.20812e+01 
1.46554e-02 -1.20764e+01 
1.46779e-02 -1.20718e+01 
1.47004e-02 -1.20670e+01 
1.47230e-02 -1.20623e+01 
1.47456e-02 -1.20575e+01 
1.47683e-02 -1.20526e+01 
1.47910e-02 -1.20478e+01 
1.48137e-02 -1.20430e+01 
1.48364e-02 -1.20382e+01 
1.48592e-02 -1.20333e+01 
1.48821e-02 -1.20283e+01 
1.49049e-02 -1.20236e+01 
1.49278e-02 -1.20186e+01 
1.49507e-02 -1.20138e+01 
1.49737e-02 -1.20087e+01 
1.49967e-02 -1.20038e+01 
1.50198e-02 -1.19988e+01 
1.50428e-02 -1.19938e+01 
1.50659e-02 -1.19887e+01 
1.50891e-02 -1.19837e+01 
1.51123e-02 -1.19787e+01 
1.51355e-02 -1.19736e+01 
1.51587e-02 -1.19685e+01 
1.51820e-02 -1.19635e+01 
1.52053e-02 -1.19584e+01 
1.52287e-02 -1.19532e+01 
1.52521e-02 -1.19481e+01 
1.52755e-02 -1.19430e+01 
1.52990e-02 -1.19376e+01 
1.53225e-02 -1.19326e+01 
1.53460e-02 -1.19273e+01 
1.53696e-02 -1.19221e+01 
1.53932e-02 -1.19168e+01 
1.54169e-02 -1.19115e+01 
1.54405e-02 -1.19064e+01 
1.54643e-02 -1.19010e+01 
1.54880e-02 -1.18958e+01 
1.55118e-02 -1.18904e+01 
1.55356e-02 -1.18850e+01 
1.55595e-02 -1.18797e+01 
1.55834e-02 -1.18744e+01 
1.56073e-02 -1.18691e+01 
1.56313e-02 -1.18635e+01 
1.56553e-02 -1.18582e+01 
1.56794e-02 -1.18527e+01 
1.57035e-02 -1.18472e+01 
1.57276e-02 -1.18419e+01 
1.57518e-02 -1.18364e+01 
1.57760e-02 -1.18308e+01 
1.58002e-02 -1.18253e+01 
1.58245e-02 -1.18198e+01 
1.58488e-02 -1.18143e+01 
1.58731e-02 -1.18088e+01 
1.58975e-02 -1.18032e+01 
1.59219e-02 -1.17976e+01 
1.59464e-02 -1.17919e+01 
1.59709e-02 -1.17864e+01 
1.59954e-02 -1.17808e+01 
1.60200e-02 -1.17751e+01 
1.60446e-02 -1.17694e+01 
1.60692e-02 -1.17638e+01 
1.60939e-02 -1.17581e+01 
1.61187e-02 -1.17524e+01 
1.61434e-02 -1.17467e+01 
1.61682e-02 -1.17410e+01 
1.61931e-02 -1.17352e+01 
1.62179e-02 -1.17294e+01 
1.62428e-02 -1.17237e+01 
1.62678e-02 -1.17178e+01 
1.62928e-02 -1.17120e+01 
1.63178e-02 -1.17062e+01 
1.63429e-02 -1.17004e+01 
1.63680e-02 -1.16945e+01 
1.63931e-02 -1.16887e+01 
1.64183e-02 -1.16828e+01 
1.64435e-02 -1.16770e+01 
1.64688e-02 -1.16710e+01 
1.64941e-02 -1.16650e+01 
1.65194e-02 -1.16592e+01 
1.65448e-02 -1.16531e+01 
1.65702e-02 -1.16472e+01 
1.65957e-02 -1.16413e+01 
1.66212e-02 -1.16352e+01 
1.66467e-02 -1.16293e+01 
1.66723e-02 -1.16232e+01 
1.66979e-02 -1.16171e+01 
1.67236e-02 -1.16111e+01 
1.67492e-02 -1.16050e+01 
1.67750e-02 -1.15989e+01 
1.68007e-02 -1.15929e+01 
1.68266e-02 -1.15867e+01 
1.68524e-02 -1.15806e+01 
1.68783e-02 -1.15744e+01 
1.69042e-02 -1.15684e+01 
1.69302e-02 -1.15621e+01 
1.69562e-02 -1.15560e+01 
1.69822e-02 -1.15499e+01 
1.70083e-02 -1.15436e+01 
1.70345e-02 -1.15373e+01 
1.70606e-02 -1.15311e+01 
1.70868e-02 -1.15249e+01 
1.71131e-02 -1.15186e+01 
1.71394e-02 -1.15124e+01 
1.71657e-02 -1.15060e+01 
1.71921e-02 -1.14998e+01 
1.72185e-02 -1.14933e+01 
1.72449e-02 -1.14872e+01 
1.72714e-02 -1.14807e+01 
1.72980e-02 -1.14743e+01 
1.73245e-02 -1.14680e+01 
1.73511e-02 -1.14617e+01 
1.73778e-02 -1.14552e+01 
1.74045e-02 -1.14488e+01 
1.74312e-02 -1.14424e+01 
1.74580e-02 -1.14358e+01 
1.74848e-02 -1.14294e+01 
1.75117e-02 -1.14230e+01 
1.75386e-02 -1.14166e+01 
1.75655e-02 -1.14100e+01 
1.75925e-02 -1.14034e+01 
1.76195e-02 -1.13970e+01 
1.76466e-02 -1.13905e+01 
1.76737e-02 -1.13840e+01 
1.77009e-02 -1.13772e+01 
1.77281e-02 -1.13708e+01 
1.77553e-02 -1.13642e+01 
1.77826e-02 -1.13576e+01 
1.78099e-02 -1.13509e+01 
1.78372e-02 -1.13444e+01 
1.78647e-02 -1.13376e+01 
1.78921e-02 -1.13310e+01 
1.79196e-02 -1.13244e+01 
1.79471e-02 -1.13177e+01 
1.79747e-02 -1.13110e+01 
1.80023e-02 -1.13043e+01 
1.80299e-02 -1.12976e+01 
1.80576e-02 -1.12909e+01 
1.80854e-02 -1.12841e+01 
1.81132e-02 -1.12774e+01 
1.81410e-02 -1.12705e+01 
1.81689e-02 -1.12637e+01 
1.81968e-02 -1.12570e+01 
1.82247e-02 -1.12502e+01 
1.82527e-02 -1.12434e+01 
1.82808e-02 -1.12365e+01 
1.83088e-02 -1.12296e+01 
1.83370e-02 -1.12228e+01 
1.83651e-02 -1.12159e+01 
1.83934e-02 -1.12090e+01 
1.84216e-02 -1.12021e+01 
1.84499e-02 -1.11953e+01 
1.84783e-02 -1.11883e+01 
1.85066e-02 -1.11814e+01 
1.85351e-02 -1.11744e+01 
1.85635e-02 -1.11675e+01 
1.85921e-02 -1.11604e+01 
1.86206e-02 -1.11536e+01 
1.86492e-02 -1.11465e+01 
1.86779e-02 -1.11395e+01 
1.87066e-02 -1.11324e+01 
1.87353e-02 -1.11254e+01 
1.87641e-02 -1.11184e+01 
1.87929e-02 -1.11113e+01 
1.88218e-02 -1.11043e+01 
1.88507e-02 -1.10971e+01 
1.88797e-02 -1.10900e+01 
1.89087e-02 -1.10829e+01 
1.89377e-02 -1.10758e+01 
1.89668e-02 -1.10687e+01 
1.89959e-02 -1.10616e+01 
1.90251e-02 -1.10544e+01 
1.90543e-02 -1.10472e+01 
1.90836e-02 -1.10401e+01 
1.91129e-02 -1.10328e+01 
1.91423e-02 -1.10256e+01 
1.91717e-02 -1.10185e+01 
1.92011e-02 -1.10111e+01 
1.92306e-02 -1.10040e+01 
1.92602e-02 -1.09966e+01 
1.92898e-02 -1.09894e+01 
1.93194e-02 -1.09822e+01 
1.93491e-02 -1.09748e+01 
1.93788e-02 -1.09676e+01 
1.94086e-02 -1.09602e+01 
1.94384e-02 -1.09529e+01 
1.94683e-02 -1.09455e+01 
1.94982e-02 -1.09382e+01 
1.95281e-02 -1.09309e+01 
1.95581e-02 -1.09236e+01 
1.95882e-02 -1.09161e+01 
1.96183e-02 -1.09087e+01 
1.96484e-02 -1.09013e+01 
1.96786e-02 -1.08938e+01 
1.97088e-02 -1.08865e+01 
1.97391e-02 -1.08790e+01 
1.97694e-02 -1.08716e+01 
1.97998e-02 -1.08640e+01 
1.98302e-02 -1.08566e+01 
1.98607e-02 -1.08491e+01 
1.98912e-02 -1.08416e+01 
1.99217e-02 -1.08341e+01 
1.99523e-02 -1.08266e+01 
1.99830e-02 -1.08191e+01 
2.00137e-02 -1.08115e+01 
2.00444e-02 -1.08039e+01 
2.00752e-02 -1.07964e+01 
2.01060e-02 -1.07888e+01 
2.01369e-02 -1.07813e+01 
2.01679e-02 -1.07736e+01 
2.01989e-02 -1.07659e+01 
2.02299e-02 -1.07584e+01 
2.02610e-02 -1.07508e+01 
2.02921e-02 -1.07429e+01 
2.03233e-02 -1.07354e+01 
2.03545e-02 -1.07278e+01 
2.03857e-02 -1.07201e+01 
2.04171e-02 -1.07123e+01 
2.04484e-02 -1.07047e+01 
2.04798e-02 -1.06969e+01 
2.05113e-02 -1.06892e+01 
2.05428e-02 -1.06815e+01 
2.05744e-02 -1.06737e+01 
2.06060e-02 -1.06659e+01 
2.06376e-02 -1.06582e+01 
2.06693e-02 -1.06504e+01 
2.07011e-02 -1.06426e+01 
2.07329e-02 -1.06348e+01 
2.07647e-02 -1.06270e+01 
2.07966e-02 -1.06191e+01 
2.08286e-02 -1.06113e+01 
2.08606e-02 -1.06034e+01 
2.08926e-02 -1.05957e+01 
2.09247e-02 -1.05877e+01 
2.09569e-02 -1.05799e+01 
2.09891e-02 -1.05719e+01 
2.10213e-02 -1.05640e+01 
2.10536e-02 -1.05561e+01 
2.10859e-02 -1.05483e+01 
2.11183e-02 -1.05402e+01 
2.11508e-02 -1.05324e+01 
2.11833e-02 -1.05243e+01 
2.12158e-02 -1.05164e+01 
2.12484e-02 -1.05085e+01 
2.12810e-02 -1.05004e+01 
2.13137e-02 -1.04924e+01 
2.13465e-02 -1.04844e+01 
2.13793e-02 -1.04763e+01 
2.14121e-02 -1.04683e+01 
2.14450e-02 -1.04604e+01 
2.14779e-02 -1.04522e+01 
2.15109e-02 -1.04442e+01 
2.15440e-02 -1.04361e+01 
2.15771e-02 -1.04280e+01 
2.16102e-02 -1.04199e+01 
2.16434e-02 -1.04119e+01 
2.16767e-02 -1.04037e+01 
2.17100e-02 -1.03955e+01 
2.17433e-02 -1.03875e+01 
2.17767e-02 -1.03794e+01 
2.18102e-02 -1.03711e+01 
2.18437e-02 -1.03630e+01 
2.18772e-02 -1.03547e+01 
2.19109e-02 -1.03466e+01 
2.19445e-02 -1.03384e+01 
2.19782e-02 -1.03301e+01 
2.20120e-02 -1.03219e+01 
2.20458e-02 -1.03137e+01 
2.20797e-02 -1.03054e+01 
2.21136e-02 -1.02972e+01 
2.21476e-02 -1.02889e+01 
2.21816e-02 -1.02807e+01 
2.22157e-02 -1.02723e+01 
2.22498e-02 -1.02640e+01 
2.22840e-02 -1.02558e+01 
2.23182e-02 -1.02475e+01 
2.23525e-02 -1.02391e+01 
2.23868e-02 -1.02309e+01 
2.24212e-02 -1.02224e+01 
2.24557e-02 -1.02141e+01 
2.24902e-02 -1.02058e+01 
2.25247e-02 -1.01973e+01 
2.25593e-02 -1.01889e+01 
2.25940e-02 -1.01806e+01 
2.26287e-02 -1.01721e+01 
2.26634e-02 -1.01638e+01 
2.26982e-02 -1.01553e+01 
2.27331e-02 -1.01469e+01 
2.27680e-02 -1.01384e+01 
2.28030e-02 -1.01299e+01 
2.28380e-02 -1.01216e+01 
2.28731e-02 -1.01131e+01 
2.29083e-02 -1.01045e+01 
2.29435e-02 -1.00961e+01 
2.29787e-02 -1.00875e+01 
2.30140e-02 -1.00790e+01 
2.30494e-02 -1.00705e+01 
2.30848e-02 -1.00619e+01 
2.31202e-02 -1.00534e+01 
2.31557e-02 -1.00449e+01 
2.31913e-02 -1.00363e+01 
2.32269e-02 -1.00277e+01 
2.32626e-02 -1.00192e+01 
2.32984e-02 -1.00104e+01 
2.33342e-02 -1.00019e+01 
2.33700e-02 -9.99337e+00 
2.34059e-02 -9.98466e+00 
2.34419e-02 -9.97598e+00 
2.34779e-02 -9.96742e+00 
2.35139e-02 -9.95879e+00 
2.35501e-02 -9.94998e+00 
2.35862e-02 -9.94149e+00 
2.36225e-02 -9.93265e+00 
2.36588e-02 -9.92400e+00 
2.36951e-02 -9.91538e+00 
2.37315e-02 -9.90658e+00 
2.37680e-02 -9.89785e+00 
2.38045e-02 -9.88914e+00 
2.38410e-02 -9.88042e+00 
2.38777e-02 -9.87168e+00 
2.39143e-02 -9.86293e+00 
2.39511e-02 -9.85416e+00 
2.39879e-02 -9.84534e+00 
2.40247e-02 -9.83663e+00 
2.40616e-02 -9.82773e+00 
2.40986e-02 -9.81891e+00 
2.41356e-02 -9.81016e+00 
2.41727e-02 -9.80135e+00 
2.42098e-02 -9.79240e+00 
2.42470e-02 -9.78368e+00 
2.42843e-02 -9.77467e+00 
2.43216e-02 -9.76589e+00 
2.43589e-02 -9.75709e+00 
2.43964e-02 -9.74812e+00 
2.44338e-02 -9.73925e+00 
2.44714e-02 -9.73022e+00 
2.45090e-02 -9.72145e+00 
2.45466e-02 -9.71251e+00 
2.45843e-02 -9.70351e+00 
2.46221e-02 -9.69462e+00 
2.46599e-02 -9.68560e+00 
2.46978e-02 -9.67665e+00 
2.47357e-02 -9.66781e+00 
2.47737e-02 -9.65867e+00 
2.48118e-02 -9.64976e+00 
2.48499e-02 -9.64072e+00 
2.48881e-02 -9.63179e+00 
2.49263e-02 -9.62277e+00 
2.49646e-02 -9.61365e+00 
2.50030e-02 -9.60469e+00 
2.50414e-02 -9.59555e+00 
2.50798e-02 -9.58660e+00 
2.51184e-02 -9.57752e+00 
2.51569e-02 -9.56843e+00 
2.51956e-02 -9.55933e+00 
2.52343e-02 -9.55029e+00 
2.52731e-02 -9.54121e+00 
2.53119e-02 -9.53204e+00 
2.53508e-02 -9.52286e+00 
2.53897e-02 -9.51378e+00 
2.54287e-02 -9.50461e+00 
2.54678e-02 -9.49544e+00 
2.55069e-02 -9.48637e+00 
2.55461e-02 -9.47722e+00 
2.55853e-02 -9.46801e+00 
2.56246e-02 -9.45880e+00 
2.56640e-02 -9.44966e+00 
2.57034e-02 -9.44050e+00 
2.57429e-02 -9.43114e+00 
2.57825e-02 -9.42205e+00 
2.58221e-02 -9.41267e+00 
2.58617e-02 -9.40356e+00 
2.59015e-02 -9.39432e+00 
2.59413e-02 -9.38500e+00 
2.59811e-02 -9.37574e+00 
2.60210e-02 -9.36655e+00 
2.60610e-02 -9.35728e+00 
2.61010e-02 -9.34792e+00 
2.61411e-02 -9.33859e+00 
2.61813e-02 -9.32929e+00 
2.62215e-02 -9.31995e+00 
2.62618e-02 -9.31060e+00 
2.63021e-02 -9.30139e+00 
2.63425e-02 -9.29190e+00 
2.63830e-02 -9.28261e+00 
2.64235e-02 -9.27330e+00 
2.64641e-02 -9.26380e+00 
2.65048e-02 -9.25455e+00 
2.65455e-02 -9.24507e+00 
2.65863e-02 -9.23566e+00 
2.66271e-02 -9.22628e+00 
2.66680e-02 -9.21681e+00 
2.67090e-02 -9.20738e+00 
2.67500e-02 -9.19802e+00 
2.67911e-02 -9.18861e+00 
2.68323e-02 -9.17909e+00 
2.68735e-02 -9.16959e+00 
2.69148e-02 -9.16016e+00 
2.69561e-02 -9.15069e+00 
2.69975e-02 -9.14125e+00 
2.70390e-02 -9.13170e+00 
2.70805e-02 -9.12225e+00 
2.71221e-02 -9.11268e+00 
2.71638e-02 -9.10318e+00 
2.72055e-02 -9.09360e+00 
2.72473e-02 -9.08402e+00 
2.72892e-02 -9.07454e+00 
2.73311e-02 -9.06495e+00 
2.73731e-02 -9.05546e+00 
2.74151e-02 -9.04589e+00 
2.74573e-02 -9.03614e+00 
2.74994e-02 -9.02667e+00 
2.75417e-02 -9.01709e+00 
2.75840e-02 -9.00743e+00 
2.76264e-02 -8.99784e+00 
2.76688e-02 -8.98814e+00 
2.77113e-02 -8.97850e+00 
2.77539e-02 -8.96890e+00 
2.77965e-02 -8.95922e+00 
2.78392e-02 -8.94961e+00 
2.78820e-02 -8.93989e+00 
2.79248e-02 -8.93027e+00 
2.79677e-02 -8.92050e+00 
2.80107e-02 -8.91084e+00 
2.80537e-02 -8.90107e+00 
2.80968e-02 -8.89133e+00 
2.81400e-02 -8.88166e+00 
2.81832e-02 -8.87192e+00 
2.82265e-02 -8.86224e+00 
2.82699e-02 -8.85242e+00 
2.83133e-02 -8.84273e+00 
2.83568e-02 -8.83291e+00 
2.84003e-02 -8.82318e+00 
2.84440e-02 -8.81332e+00 
2.84877e-02 -8.80352e+00 
2.85314e-02 -8.79382e+00 
2.85753e-02 -8.78402e+00 
2.86192e-02 -8.77411e+00 
2.86631e-02 -8.76426e+00 
2.87071e-02 -8.75449e+00 
2.87512e-02 -8.74461e+00 
2.87954e-02 -8.73473e+00 
2.88397e-02 -8.72495e+00 
2.88840e-02 -8.71496e+00 
2.89283e-02 -8.70514e+00 
2.89728e-02 -8.69522e+00 
2.90173e-02 -8.68540e+00 
2.90619e-02 -8.67552e+00 
2.91065e-02 -8.66549e+00 
2.91512e-02 -8.65570e+00 
2.91960e-02 -8.64564e+00 
2.92408e-02 -8.63578e+00 
2.92858e-02 -8.62585e+00 
2.93308e-02 -8.61582e+00 
2.93758e-02 -8.60586e+00 
2.94209e-02 -8.59593e+00 
2.94661e-02 -8.58593e+00 
2.95114e-02 -8.57597e+00 
2.95567e-02 -8.56594e+00 
2.96021e-02 -8.55598e+00 
2.96476e-02 -8.54592e+00 
2.96932e-02 -8.53586e+00 
2.97388e-02 -8.52593e+00 
2.97845e-02 -8.51591e+00 
2.98302e-02 -8.50578e+00 
2.98760e-02 -8.49572e+00 
2.99219e-02 -8.48569e+00 
2.99679e-02 -8.47557e+00 
3.00139e-02 -8.46548e+00 
3.00600e-02 -8.45552e+00 
3.01062e-02 -8.44527e+00 
3.01525e-02 -8.43519e+00 
3.01988e-02 -8.42507e+00 
3.02452e-02 -8.41499e+00 
3.02916e-02 -8.40484e+00 
3.03382e-02 -8.39473e+00 
3.03848e-02 -8.38455e+00 
3.04315e-02 -8.37441e+00 
3.04782e-02 -8.36421e+00 
3.05250e-02 -8.35400e+00 
3.05719e-02 -8.34390e+00 
3.06189e-02 -8.33368e+00 
3.06659e-02 -8.32351e+00 
3.07130e-02 -8.31329e+00 
3.07602e-02 -8.30310e+00 
3.08075e-02 -8.29282e+00 
3.08548e-02 -8.28257e+00 
3.09022e-02 -8.27239e+00 
3.09497e-02 -8.26215e+00 
3.09972e-02 -8.25181e+00 
3.10448e-02 -8.24167e+00 
3.10925e-02 -8.23128e+00 
3.11403e-02 -8.22105e+00 
3.11881e-02 -8.21082e+00 
3.12360e-02 -8.20047e+00 
3.12840e-02 -8.19013e+00 
3.13321e-02 -8.17985e+00 
3.13802e-02 -8.16951e+00 
3.14284e-02 -8.15924e+00 
3.14767e-02 -8.14885e+00 
3.15251e-02 -8.13853e+00 
3.15735e-02 -8.12811e+00 
3.16220e-02 -8.11773e+00 
3.16706e-02 -8.10739e+00 
3.17192e-02 -8.09702e+00 
3.17679e-02 -8.08665e+00 
3.18167e-02 -8.07623e+00 
3.18656e-02 -8.06581e+00 
3.19146e-02 -8.05547e+00 
3.19636e-02 -8.04506e+00 
3.20127e-02 -8.03456e+00 
3.20619e-02 -8.02407e+00 
3.21111e-02 -8.01365e+00 
3.21605e-02 -8.00330e+00 
3.22099e-02 -7.99270e+00 
3.22594e-02 -7.98229e+00 
3.23089e-02 -7.97180e+00 
3.23585e-02 -7.96137e+00 
3.24082e-02 -7.95086e+00 
3.24580e-02 -7.94038e+00 
3.25079e-02 -7.92983e+00 
3.25578e-02 -7.91930e+00 
3.26079e-02 -7.90882e+00 
3.26579e-02 -7.89830e+00 
3.27081e-02 -7.88765e+00 
3.27584e-02 -7.87722e+00 
3.28087e-02 -7.86651e+00 
3.28591e-02 -7.85603e+00 
3.29096e-02 -7.84540e+00 
3.29601e-02 -7.83490e+00 
3.30108e-02 -7.82426e+00 
3.30615e-02 -7.81371e+00 
3.31123e-02 -7.80305e+00 
3.31631e-02 -7.79249e+00 
3.32141e-02 -7.78173e+00 
3.32651e-02 -7.77124e+00 
3.33162e-02 -7.76049e+00 
3.33674e-02 -7.74996e+00 
3.34186e-02 -7.73919e+00 
3.34700e-02 -7.72856e+00 
3.35214e-02 -7.71788e+00 
3.35729e-02 -7.70726e+00 
3.36245e-02 -7.69653e+00 
3.36761e-02 -7.68590e+00 
3.37278e-02 -7.67512e+00 
3.37797e-02 -7.66437e+00 
3.38315e-02 -7.65373e+00 
3.38835e-02 -7.64295e+00 
3.39356e-02 -7.63225e+00 
3.39877e-02 -7.62146e+00 
3.40399e-02 -7.61072e+00 
3.40922e-02 -7.60001e+00 
3.41446e-02 -7.58919e+00 
3.41970e-02 -7.57847e+00 
3.42496e-02 -7.56762e+00 
3.43022e-02 -7.55683e+00 
3.43549e-02 -7.54609e+00 
3.44077e-02 -7.53529e+00 
3.44605e-02 -7.52435e+00 
3.45134e-02 -7.51360e+00 
3.45665e-02 -7.50278e+00 
3.46196e-02 -7.49183e+00 
3.46727e-02 -7.48113e+00 
3.47260e-02 -7.47014e+00 
3.47794e-02 -7.45936e+00 
3.48328e-02 -7.44850e+00 
3.48863e-02 -7.43753e+00 
3.49399e-02 -7.42675e+00 
3.49936e-02 -7.41573e+00 
3.50473e-02 -7.40491e+00 
3.51012e-02 -7.39402e+00 
3.51551e-02 -7.38297e+00 
3.52091e-02 -7.37216e+00 
3.52632e-02 -7.36124e+00 
3.53173e-02 -7.35025e+00 
3.53716e-02 -7.33928e+00 
3.54259e-02 -7.32837e+00 
3.54804e-02 -7.31734e+00 
3.55349e-02 -7.30634e+00 
3.55895e-02 -7.29541e+00 
3.56441e-02 -7.28443e+00 
3.56989e-02 -7.27345e+00 
3.57537e-02 -7.26241e+00 
3.58087e-02 -7.25137e+00 
3.58637e-02 -7.24039e+00 
3.59188e-02 -7.22933e+00 
3.59739e-02 -7.21834e+00 
3.60292e-02 -7.20724e+00 
3.60845e-02 -7.19616e+00 
3.61400e-02 -7.18514e+00 
3.61955e-02 -7.17401e+00 
3.62511e-02 -7.16290e+00 
3.63068e-02 -7.15188e+00 
3.63626e-02 -7.14072e+00 
3.64184e-02 -7.12964e+00 
3.64744e-02 -7.11858e+00 
3.65304e-02 -7.10745e+00 
3.65865e-02 -7.09636e+00 
3.66427e-02 -7.08518e+00 
3.66990e-02 -7.07401e+00 
3.67554e-02 -7.06291e+00 
3.68119e-02 -7.05171e+00 
3.68684e-02 -7.04058e+00 
3.69250e-02 -7.02930e+00 
3.69818e-02 -7.01821e+00 
3.70386e-02 -7.00707e+00 
3.70955e-02 -6.99581e+00 
3.71525e-02 -6.98459e+00 
3.72095e-02 -6.97343e+00 
3.72667e-02 -6.96214e+00 
3.73239e-02 -6.95091e+00 
3.73813e-02 -6.93973e+00 
3.74387e-02 -6.92842e+00 
3.74962e-02 -6.91715e+00 
3.75538e-02 -6.90596e+00 
3.76115e-02 -6.89465e+00 
3.76693e-02 -6.88335e+00 
3.77272e-02 -6.87212e+00 
3.77851e-02 -6.86083e+00 
3.78432e-02 -6.84955e+00 
3.79013e-02 -6.83816e+00 
3.79595e-02 -6.82696e+00 
3.80178e-02 -6.81552e+00 
3.80762e-02 -6.80425e+00 
3.81347e-02 -6.79289e+00 
3.81933e-02 -6.78158e+00 
3.82520e-02 -6.77018e+00 
3.83108e-02 -6.75877e+00 
3.83696e-02 -6.74743e+00 
3.84285e-02 -6.73612e+00 
3.84876e-02 -6.72474e+00 
3.85467e-02 -6.71323e+00 
3.86059e-02 -6.70190e+00 
3.86652e-02 -6.69049e+00 
3.87246e-02 -6.67911e+00 
3.87841e-02 -6.66763e+00 
3.88437e-02 -6.65616e+00 
3.89034e-02 -6.64474e+00 
3.89631e-02 -6.63338e+00 
3.90230e-02 -6.62192e+00 
3.90829e-02 -6.61033e+00 
3.91430e-02 -6.59893e+00 
3.92031e-02 -6.58744e+00 
3.92633e-02 -6.57599e+00 
3.93236e-02 -6.56440e+00 
3.93841e-02 -6.55303e+00 
3.94446e-02 -6.54138e+00 
3.95051e-02 -6.52994e+00 
3.95658e-02 -6.51838e+00 
3.96266e-02 -6.50684e+00 
3.96875e-02 -6.49537e+00 
3.97485e-02 -6.48377e+00 
3.98095e-02 -6.47222e+00 
3.98707e-02 -6.46071e+00 
3.99319e-02 -6.44910e+00 
3.99933e-02 -6.43748e+00 
4.00547e-02 -6.42596e+00 
4.01162e-02 -6.41432e+00 
4.01779e-02 -6.40267e+00 
4.02396e-02 -6.39107e+00 
4.03014e-02 -6.37953e+00 
4.03633e-02 -6.36786e+00 
4.04253e-02 -6.35627e+00 
4.04874e-02 -6.34452e+00 
4.05496e-02 -6.33296e+00 
4.06119e-02 -6.32128e+00 
4.06743e-02 -6.30966e+00 
4.07368e-02 -6.29794e+00 
4.07994e-02 -6.28622e+00 
4.08620e-02 -6.27456e+00 
4.09248e-02 -6.26293e+00 
4.09877e-02 -6.25117e+00 
4.10506e-02 -6.23947e+00 
4.11137e-02 -6.22780e+00 
4.11769e-02 -6.21601e+00 
4.12401e-02 -6.20425e+00 
4.13035e-02 -6.19250e+00 
4.13669e-02 -6.18084e+00 
4.14305e-02 -6.16903e+00 
4.14941e-02 -6.15726e+00 
4.15579e-02 -6.14552e+00 
4.16217e-02 -6.13368e+00 
4.16856e-02 -6.12202e+00 
4.17497e-02 -6.11008e+00 
4.18138e-02 -6.09830e+00 
4.18781e-02 -6.08655e+00 
4.19424e-02 -6.07474e+00 
4.20068e-02 -6.06295e+00 
4.20714e-02 -6.05100e+00 
4.21360e-02 -6.03925e+00 
4.22007e-02 -6.02744e+00 
4.22655e-02 -6.01547e+00 
4.23305e-02 -6.00366e+00 
4.23955e-02 -5.99174e+00 
4.24606e-02 -5.97985e+00 
4.25259e-02 -5.96796e+00 
4.25912e-02 -5.95614e+00 
4.26566e-02 -5.94419e+00 
4.27221e-02 -5.93227e+00 
4.27878e-02 -5.92036e+00 
4.28535e-02 -5.90850e+00 
4.29193e-02 -5.89655e+00 
4.29853e-02 -5.88459e+00 
4.30513e-02 -5.87269e+00 
4.31174e-02 -5.86063e+00 
4.31837e-02 -5.84876e+00 
4.32500e-02 -5.83676e+00 
4.33164e-02 -5.82484e+00 
4.33830e-02 -5.81274e+00 
4.34496e-02 -5.80084e+00 
4.35164e-02 -5.78881e+00 
4.35832e-02 -5.77679e+00 
4.36502e-02 -5.76481e+00 
4.37172e-02 -5.75270e+00 
4.37844e-02 -5.74077e+00 
4.38517e-02 -5.72872e+00 
4.39190e-02 -5.71673e+00 
4.39865e-02 -5.70457e+00 
4.40541e-02 -5.69259e+00 
4.41217e-02 -5.68049e+00 
4.41895e-02 -5.66843e+00 
4.42574e-02 -5.65639e+00 
4.43254e-02 -5.64419e+00 
4.43935e-02 -5.63220e+00 
4.44617e-02 -5.62007e+00 
4.45300e-02 -5.60799e+00 
4.45984e-02 -5.59576e+00 
4.46669e-02 -5.58373e+00 
4.47355e-02 -5.57155e+00 
4.48042e-02 -5.55939e+00 
4.48731e-02 -5.54722e+00 
4.49420e-02 -5.53509e+00 
4.50111e-02 -5.52299e+00 
4.50802e-02 -5.51078e+00 
4.51494e-02 -5.49859e+00 
4.52188e-02 -5.48637e+00 
4.52883e-02 -5.47420e+00 
4.53578e-02 -5.46206e+00 
4.54275e-02 -5.44976e+00 
4.54973e-02 -5.43764e+00 
4.55672e-02 -5.42542e+00 
4.56372e-02 -5.41322e+00 
4.57073e-02 -5.40087e+00 
4.57775e-02 -5.38870e+00 
4.58478e-02 -5.37635e+00 
4.59183e-02 -5.36420e+00 
4.59888e-02 -5.35193e+00 
4.60595e-02 -5.33968e+00 
4.61302e-02 -5.32731e+00 
4.62011e-02 -5.31507e+00 
4.62721e-02 -5.30270e+00 
4.63431e-02 -5.29050e+00 
4.64143e-02 -5.27816e+00 
4.64856e-02 -5.26585e+00 
4.65571e-02 -5.25357e+00 
4.66286e-02 -5.24114e+00 
4.67002e-02 -5.22889e+00 
4.67719e-02 -5.21649e+00 
4.68438e-02 -5.20406e+00 
4.69158e-02 -5.19183e+00 
4.69878e-02 -5.17951e+00 
4.70600e-02 -5.16700e+00 
4.71323e-02 -5.15466e+00 
4.72047e-02 -5.14235e+00 
4.72772e-02 -5.12991e+00 
4.73499e-02 -5.11746e+00 
4.74226e-02 -5.10499e+00 
4.74954e-02 -5.09275e+00 
4.75684e-02 -5.08018e+00 
4.76415e-02 -5.06775e+00 
4.77147e-02 -5.05534e+00 
4.77880e-02 -5.04296e+00 
4.78614e-02 -5.03046e+00 
4.79349e-02 -5.01793e+00 
4.80085e-02 -5.00557e+00 
4.80823e-02 -4.99308e+00 
4.81562e-02 -4.98058e+00 
4.82301e-02 -4.96812e+00 
4.83042e-02 -4.95568e+00 
4.83784e-02 -4.94307e+00 
4.84528e-02 -4.93061e+00 
4.85272e-02 -4.91803e+00 
4.86017e-02 -4.90559e+00 
4.86764e-02 -4.89301e+00 
4.87512e-02 -4.88039e+00 
4.88261e-02 -4.86797e+00 
4.89011e-02 -4.85541e+00 
4.89762e-02 -4.84284e+00 
4.90514e-02 -4.83030e+00 
4.91268e-02 -4.81778e+00 
4.92023e-02 -4.80506e+00 
4.92778e-02 -4.79252e+00 
4.93535e-02 -4.77999e+00 
4.94294e-02 -4.76728e+00 
4.95053e-02 -4.75476e+00 
4.95813e-02 -4.74207e+00 
4.96575e-02 -4.72956e+00 
4.97338e-02 -4.71689e+00 
4.98102e-02 -4.70422e+00 
4.98867e-02 -4.69151e+00 
4.99633e-02 -4.67899e+00 
5.00401e-02 -4.66632e+00 
5.01170e-02 -4.65365e+00 
5.01940e-02 -4.64097e+00 
5.02711e-02 -4.62831e+00 
5.03483e-02 -4.61563e+00 
5.04256e-02 -4.60296e+00 
5.05031e-02 -4.59031e+00 
5.05807e-02 -4.57748e+00 
5.06584e-02 -4.56479e+00 
5.07362e-02 -4.55209e+00 
5.08142e-02 -4.53938e+00 
5.08922e-02 -4.52673e+00 
5.09704e-02 -4.51387e+00 
5.10487e-02 -4.50117e+00 
5.11271e-02 -4.48848e+00 
5.12057e-02 -4.47562e+00 
5.12843e-02 -4.46291e+00 
5.13631e-02 -4.45020e+00 
5.14420e-02 -4.43733e+00 
5.15210e-02 -4.42458e+00 
5.16002e-02 -4.41184e+00 
5.16794e-02 -4.39897e+00 
5.17588e-02 -4.38619e+00 
5.18383e-02 -4.37347e+00 
5.19180e-02 -4.36053e+00 
5.19977e-02 -4.34775e+00 
5.20776e-02 -4.33499e+00 
5.21576e-02 -4.32204e+00 
5.22377e-02 -4.30922e+00 
5.23180e-02 -4.29640e+00 
5.23984e-02 -4.28357e+00 
5.24789e-02 -4.27076e+00 
5.25595e-02 -4.25778e+00 
5.26402e-02 -4.24493e+00 
5.27211e-02 -4.23204e+00 
5.28021e-02 -4.21917e+00 
5.28832e-02 -4.20627e+00 
5.29644e-02 -4.19336e+00 
5.30458e-02 -4.18041e+00 
5.31273e-02 -4.16761e+00 
5.32089e-02 -4.15470e+00 
5.32906e-02 -4.14174e+00 
5.33725e-02 -4.12874e+00 
5.34545e-02 -4.11591e+00 
5.35366e-02 -4.10289e+00 
5.36189e-02 -4.09001e+00 
5.37012e-02 -4.07699e+00 
5.37837e-02 -4.06406e+00 
5.38663e-02 -4.05116e+00 
5.39491e-02 -4.03808e+00 
5.40320e-02 -4.02511e+00 
5.41150e-02 -4.01212e+00 
5.41981e-02 -3.99913e+00 
5.42814e-02 -3.98608e+00 
5.43647e-02 -3.97320e+00 
5.44483e-02 -3.96014e+00 
5.45319e-02 -3.94707e+00 
5.46157e-02 -3.93409e+00 
5.46996e-02 -3.92114e+00 
5.47836e-02 -3.90799e+00 
5.48678e-02 -3.89498e+00 
5.49521e-02 -3.88193e+00 
5.50365e-02 -3.86887e+00 
5.51210e-02 -3.85577e+00 
5.52057e-02 -3.84281e+00 
5.52905e-02 -3.82966e+00 
5.53754e-02 -3.81668e+00 
5.54605e-02 -3.80350e+00 
5.55457e-02 -3.79043e+00 
5.56310e-02 -3.77735e+00 
5.57165e-02 -3.76424e+00 
5.58021e-02 -3.75108e+00 
5.58878e-02 -3.73806e+00 
5.59737e-02 -3.72486e+00 
5.60597e-02 -3.71178e+00 
5.61458e-02 -3.69866e+00 
5.62320e-02 -3.68553e+00 
5.63184e-02 -3.67239e+00 
5.64049e-02 -3.65919e+00 
5.64916e-02 -3.64614e+00 
5.65784e-02 -3.63287e+00 
5.66653e-02 -3.61973e+00 
5.67523e-02 -3.60657e+00 
5.68395e-02 -3.59335e+00 
5.69268e-02 -3.58028e+00 
5.70143e-02 -3.56700e+00 
5.71019e-02 -3.55384e+00 
5.71896e-02 -3.54066e+00 
5.72774e-02 -3.52746e+00 
5.73654e-02 -3.51421e+00 
5.74535e-02 -3.50109e+00 
5.75418e-02 -3.48778e+00 
5.76302e-02 -3.47455e+00 
5.77187e-02 -3.46129e+00 
5.78074e-02 -3.44816e+00 
5.78962e-02 -3.43484e+00 
5.79851e-02 -3.42162e+00 
5.80742e-02 -3.40838e+00 
5.81634e-02 -3.39507e+00 
5.82528e-02 -3.38191e+00 
5.83423e-02 -3.36855e+00 
5.84319e-02 -3.35531e+00 
5.85217e-02 -3.34197e+00 
5.86116e-02 -3.32879e+00 
5.87016e-02 -3.31543e+00 
5.87918e-02 -3.30214e+00 
5.88821e-02 -3.28881e+00 
5.89726e-02 -3.27561e+00 
5.90631e-02 -3.26222e+00 
5.91539e-02 -3.24892e+00 
5.92448e-02 -3.23554e+00 
5.93358e-02 -3.22229e+00 
5.94269e-02 -3.20900e+00 
5.95182e-02 -3.19569e+00 
5.96096e-02 -3.18234e+00 
5.97012e-02 -3.16891e+00 
5.97929e-02 -3.15559e+00 
5.98848e-02 -3.14220e+00 
5.99768e-02 -3.12894e+00 
6.00689e-02 -3.11549e+00 
6.01612e-02 -3.10210e+00 
6.02536e-02 -3.08884e+00 
6.03462e-02 -3.07539e+00 
6.04389e-02 -3.06202e+00 
6.05317e-02 -3.04858e+00 
6.06247e-02 -3.03525e+00 
6.07178e-02 -3.02188e+00 
6.08111e-02 -3.00848e+00 
6.09045e-02 -2.99500e+00 
6.09981e-02 -2.98160e+00 
6.10918e-02 -2.96814e+00 
6.11857e-02 -2.95478e+00 
6.12796e-02 -2.94139e+00 
6.13738e-02 -2.92793e+00 
6.14681e-02 -2.91458e+00 
6.15625e-02 -2.90100e+00 
6.16571e-02 -2.88768e+00 
6.17518e-02 -2.87415e+00 
6.18466e-02 -2.86069e+00 
6.19417e-02 -2.84734e+00 
6.20368e-02 -2.83379e+00 
6.21321e-02 -2.82030e+00 
6.22276e-02 -2.80689e+00 
6.23232e-02 -2.79347e+00 
6.24189e-02 -2.77999e+00 
6.25148e-02 -2.76643e+00 
6.26108e-02 -2.75293e+00 
6.27070e-02 -2.73953e+00 
6.28033e-02 -2.72592e+00 
6.28998e-02 -2.71255e+00 
6.29964e-02 -2.69898e+00 
6.30932e-02 -2.68546e+00 
6.31901e-02 -2.67205e+00 
6.32872e-02 -2.65840e+00 
6.33844e-02 -2.64502e+00 
6.34818e-02 -2.63142e+00 
6.35793e-02 -2.61785e+00 
6.36770e-02 -2.60439e+00 
6.37748e-02 -2.59088e+00 
6.38728e-02 -2.57729e+00 
6.39709e-02 -2.56378e+00 
6.40692e-02 -2.55020e+00 
6.41676e-02 -2.53669e+00 
6.42662e-02 -2.52308e+00 
6.43649e-02 -2.50958e+00 
6.44638e-02 -2.49599e+00 
6.45628e-02 -2.48250e+00 
6.46620e-02 -2.46895e+00 
6.47613e-02 -2.45531e+00 
6.48608e-02 -2.44172e+00 
6.49604e-02 -2.42822e+00 
6.50602e-02 -2.41466e+00 
6.51602e-02 -2.40102e+00 
6.52603e-02 -2.38742e+00 
6.53605e-02 -2.37394e+00 
6.54609e-02 -2.36022e+00 
6.55615e-02 -2.34670e+00 
6.56622e-02 -2.33312e+00 
6.57631e-02 -2.31946e+00 
6.58641e-02 -2.30584e+00 
6.59653e-02 -2.29231e+00 
6.60666e-02 -2.27872e+00 
6.61681e-02 -2.26503e+00 
6.62698e-02 -2.25139e+00 
6.63716e-02 -2.23782e+00 
6.64735e-02 -2.22418e+00 
6.65757e-02 -2.21060e+00 
6.66779e-02 -2.19693e+00 
6.67804e-02 -2.18335e+00 
6.68829e-02 -2.16966e+00 
6.69857e-02 -2.15601e+00 
6.70886e-02 -2.14245e+00 
6.71917e-02 -2.12883e+00 
6.72949e-02 -2.11508e+00 
6.73983e-02 -2.10157e+00 
6.75018e-02 -2.08780e+00 
6.76055e-02 -2.07422e+00 
6.77093e-02 -2.06062e+00 
6.78134e-02 -2.04690e+00 
6.79175e-02 -2.03322e+00 
6.80219e-02 -2.01960e+00 
6.81264e-02 -2.00589e+00 
6.82310e-02 -1.99222e+00 
6.83358e-02 -1.97861e+00 
6.84408e-02 -1.96492e+00 
6.85460e-02 -1.95129e+00 
6.86513e-02 -1.93756e+00 
6.87567e-02 -1.92387e+00 
6.88623e-02 -1.91025e+00 
6.89681e-02 -1.89653e+00 
6.90741e-02 -1.88283e+00 
6.91802e-02 -1.86921e+00 
6.92865e-02 -1.85548e+00 
6.93929e-02 -1.84179e+00 
6.94995e-02 -1.82816e+00 
6.96063e-02 -1.81443e+00 
6.97132e-02 -1.80075e+00 
6.98203e-02 -1.78712e+00 
6.99276e-02 -1.77339e+00 
7.00350e-02 -1.75973e+00 
7.01426e-02 -1.74593e+00 
7.02503e-02 -1.73232e+00 
7.03582e-02 -1.71865e+00 
7.04663e-02 -1.70484e+00 
7.05746e-02 -1.69122e+00 
7.06830e-02 -1.67750e+00 
7.07916e-02 -1.66386e+00 
7.09003e-02 -1.65009e+00 
7.10092e-02 -1.63634e+00 
7.11183e-02 -1.62262e+00 
7.12276e-02 -1.60897e+00 
7.13370e-02 -1.59516e+00 
7.14466e-02 -1.58156e+00 
7.15563e-02 -1.56788e+00 
7.16663e-02 -1.55406e+00 
7.17764e-02 -1.54044e+00 
7.18866e-02 -1.52671e+00 
7.19971e-02 -1.51303e+00 
7.21077e-02 -1.49920e+00 
7.22184e-02 -1.48558e+00 
7.23294e-02 -1.47182e+00 
7.24405e-02 -1.45811e+00 
7.25518e-02 -1.44444e+00 
7.26632e-02 -1.43063e+00 
7.27748e-02 -1.41700e+00 
7.28866e-02 -1.40328e+00 
7.29986e-02 -1.38959e+00 
7.31107e-02 -1.37576e+00 
7.32231e-02 -1.36212e+00 
7.33355e-02 -1.34836e+00 
7.34482e-02 -1.33462e+00 
7.35610e-02 -1.32089e+00 
7.36740e-02 -1.30718e+00 
7.37872e-02 -1.29352e+00 
7.39006e-02 -1.27972e+00 
7.40141e-02 -1.26610e+00 
7.41278e-02 -1.25237e+00 
7.42417e-02 -1.23869e+00 
7.43557e-02 -1.22484e+00 
7.44700e-02 -1.21115e+00 
7.45844e-02 -1.19751e+00 
7.46989e-02 -1.18374e+00 
7.48137e-02 -1.16995e+00 
7.49286e-02 -1.15635e+00 
7.50437e-02 -1.14263e+00 
7.51590e-02 -1.12896e+00 
7.52745e-02 -1.11513e+00 
7.53901e-02 -1.10145e+00 
7.55059e-02 -1.08781e+00 
7.56219e-02 -1.07405e+00 
7.57381e-02 -1.06026e+00 
7.58544e-02 -1.04665e+00 
7.59709e-02 -1.03292e+00 
7.60877e-02 -1.01920e+00 
7.62045e-02 -1.00548e+00 
7.63216e-02 -9.91769e-01 
7.64389e-02 -9.78065e-01 
7.65563e-02 -9.64371e-01 
7.66739e-02 -9.50691e-01 
7.67917e-02 -9.37052e-01 
7.69096e-02 -9.23246e-01 
7.70278e-02 -9.09581e-01 
7.71461e-02 -8.95960e-01 
7.72646e-02 -8.82176e-01 
7.73833e-02 -8.68562e-01 
7.75022e-02 -8.54786e-01 
7.76213e-02 -8.41179e-01 
7.77405e-02 -8.27410e-01 
7.78599e-02 -8.13810e-01 
7.79795e-02 -8.00049e-01 
7.80993e-02 -7.86454e-01 
7.82193e-02 -7.72697e-01 
7.83395e-02 -7.59106e-01 
7.84598e-02 -7.45354e-01 
7.85803e-02 -7.31767e-01 
7.87011e-02 -7.18015e-01 
7.88220e-02 -7.04429e-01 
7.89430e-02 -6.90672e-01 
7.90643e-02 -6.77050e-01 
7.91858e-02 -6.63464e-01 
7.93074e-02 -6.49704e-01 
7.94292e-02 -6.36071e-01 
7.95513e-02 -6.22439e-01 
7.96735e-02 -6.08807e-01 
7.97959e-02 -5.95176e-01 
7.99185e-02 -5.81542e-01 
8.00412e-02 -5.67908e-01 
8.01642e-02 -5.54266e-01 
8.02873e-02 -5.40614e-01 
8.04107e-02 -5.26921e-01 
8.05342e-02 -5.13389e-01 
8.06579e-02 -4.99684e-01 
8.07818e-02 -4.86113e-01 
8.09059e-02 -4.72570e-01 
8.10302e-02 -4.58847e-01 
8.11547e-02 -4.45240e-01 
8.12794e-02 -4.31593e-01 
8.14042e-02 -4.18114e-01 
8.15293e-02 -4.04490e-01 
8.16545e-02 -3.90816e-01 
8.17800e-02 -3.77265e-01 
8.19056e-02 -3.63711e-01 
8.20314e-02 -3.50150e-01 
8.21574e-02 -3.36581e-01 
8.22836e-02 -3.22994e-01 
8.24100e-02 -3.09357e-01 
8.25366e-02 -2.95849e-01 
8.26634e-02 -2.82366e-01 
8.27904e-02 -2.68692e-01 
8.29176e-02 -2.55100e-01 
8.30450e-02 -2.41664e-01 
8.31726e-02 -2.28047e-01 
8.33003e-02 -2.14551e-01 
8.34283e-02 -2.01044e-01 
8.35564e-02 -1.87521e-01 
8.36848e-02 -1.73950e-01 
8.38134e-02 -1.60532e-01 
8.39421e-02 -1.46926e-01 
8.40711e-02 -1.33431e-01 
8.42002e-02 -1.19887e-01 
8.43296e-02 -1.06495e-01 
8.44591e-02 -9.29161e-02 
8.45889e-02 -7.94451e-02 
8.47188e-02 -6.59244e-02 
8.48490e-02 -5.25527e-02 
8.49793e-02 -3.89870e-02 
8.51098e-02 -2.55005e-02 
8.52406e-02 -1.21659e-02 
8.53715e-02 1.35526e-03 
8.55027e-02 1.47640e-02 
8.56340e-02 2.81964e-02 
8.57656e-02 4.16872e-02 
8.58973e-02 5.50635e-02 
8.60293e-02 6.84570e-02 
8.61615e-02 8.18773e-02 
8.62938e-02 9.53622e-02 
8.64264e-02 1.08744e-01 
8.65591e-02 1.22186e-01 
8.66921e-02 1.35513e-01 
8.68253e-02 1.48859e-01 
8.69587e-02 1.62232e-01 
8.70923e-02 1.75672e-01 
8.72261e-02 1.89011e-01 
8.73601e-02 2.02412e-01 
8.74943e-02 2.15702e-01 
8.76287e-02 2.29020e-01 
8.77633e-02 2.42401e-01 
8.78981e-02 2.55672e-01 
8.80331e-02 2.68973e-01 
8.81684e-02 2.82337e-01 
8.83038e-02 2.95595e-01 
8.84395e-02 3.08886e-01 
8.85753e-02 3.22250e-01 
8.87114e-02 3.35542e-01 
8.88477e-02 3.48694e-01 
8.89842e-02 3.62051e-01 
8.91209e-02 3.75344e-01 
8.92578e-02 3.88533e-01 
8.93949e-02 4.01752e-01 
8.95322e-02 4.15043e-01 
8.96698e-02 4.28237e-01 
8.98075e-02 4.41501e-01 
8.99455e-02 4.54668e-01 
9.00836e-02 4.67902e-01 
9.02220e-02 4.81032e-01 
9.03606e-02 4.94200e-01 
9.04994e-02 5.07446e-01 
9.06385e-02 5.20632e-01 
9.07777e-02 5.33715e-01 
9.09172e-02 5.46833e-01 
9.10568e-02 5.60023e-01 
9.11967e-02 5.73124e-01 
9.13368e-02 5.86304e-01 
9.14771e-02 5.99425e-01 
9.16176e-02 6.12442e-01 
9.17584e-02 6.25495e-01 
9.18993e-02 6.38622e-01 
9.20405e-02 6.51657e-01 
9.21819e-02 6.64768e-01 
9.23235e-02 6.77792e-01 
9.24654e-02 6.90898e-01 
9.26074e-02 7.03950e-01 
9.27497e-02 7.16910e-01 
9.28921e-02 7.29943e-01 
9.30348e-02 7.42879e-01 
9.31778e-02 7.55864e-01 
9.33209e-02 7.68968e-01 
9.34643e-02 7.81845e-01 
9.36078e-02 7.94762e-01 
9.37516e-02 8.07757e-01 
9.38957e-02 8.20673e-01 
9.40399e-02 8.33705e-01 
9.41844e-02 8.46482e-01 
9.43291e-02 8.59508e-01 
9.44740e-02 8.72310e-01 
9.46191e-02 8.85155e-01 
9.47645e-02 8.98086e-01 
9.49100e-02 9.10971e-01 
9.50558e-02 9.23770e-01 
9.52019e-02 9.36656e-01 
9.53481e-02 9.49493e-01 
9.54946e-02 9.62244e-01 
9.56413e-02 9.75078e-01 
9.57882e-02 9.87834e-01 
9.59354e-02 1.00071e+00 
9.60827e-02 1.01333e+00 
9.62303e-02 1.02621e+00 
9.63782e-02 1.03888e+00 
9.65262e-02 1.05162e+00 
9.66745e-02 1.06429e+00 
9.68230e-02 1.07705e+00 
9.69718e-02 1.08977e+00 
9.71207e-02 1.10244e+00 
9.72699e-02 1.11503e+00 
9.74193e-02 1.12770e+00 
9.75690e-02 1.14030e+00 
9.77189e-02 1.15298e+00 
9.78690e-02 1.16564e+00 
9.80193e-02 1.17826e+00 
9.81699e-02 1.19082e+00 
9.83207e-02 1.20330e+00 
9.84718e-02 1.21584e+00 
9.86230e-02 1.22851e+00 
9.87746e-02 1.24097e+00 
9.89263e-02 1.25353e+00 
9.90783e-02 1.26606e+00 
9.92305e-02 1.27854e+00 
9.93829e-02 1.29094e+00 
9.95356e-02 1.30343e+00 
9.96885e-02 1.31589e+00 
9.98416e-02 1.32827e+00 
9.99950e-02 1.34080e+00 
1.00149e-01 1.35310e+00 
1.00302e-01 1.36552e+00 
1.00457e-01 1.37783e+00 
1.00611e-01 1.39031e+00 
1.00765e-01 1.40257e+00 
1.00920e-01 1.41493e+00 
1.01075e-01 1.42726e+00 
1.01231e-01 1.43953e+00 
1.01386e-01 1.45175e+00 
1.01542e-01 1.46406e+00 
1.01698e-01 1.47635e+00 
1.01854e-01 1.48861e+00 
1.02010e-01 1.50084e+00 
1.02167e-01 1.51302e+00 
1.02324e-01 1.52513e+00 
1.02481e-01 1.53735e+00 
1.02639e-01 1.54952e+00 
1.02796e-01 1.56170e+00 
1.02954e-01 1.57382e+00 
1.03113e-01 1.58590e+00 
1.03271e-01 1.59793e+00 
1.03430e-01 1.61009e+00 
1.03588e-01 1.62207e+00 
1.03748e-01 1.63413e+00 
1.03907e-01 1.64617e+00 
1.04067e-01 1.65818e+00 
1.04226e-01 1.67018e+00 
1.04387e-01 1.68208e+00 
1.04547e-01 1.69414e+00 
1.04708e-01 1.70600e+00 
1.04868e-01 1.71802e+00 
1.05029e-01 1.72983e+00 
1.05191e-01 1.74174e+00 
1.05352e-01 1.75364e+00 
1.05514e-01 1.76554e+00 
1.05676e-01 1.77721e+00 
1.05839e-01 1.78914e+00 
1.06001e-01 1.80095e+00 
1.06164e-01 1.81270e+00 
1.06327e-01 1.82445e+00 
1.06491e-01 1.83612e+00 
1.06654e-01 1.84795e+00 
1.06818e-01 1.85961e+00 
1.06982e-01 1.87122e+00 
1.07146e-01 1.88297e+00 
1.07311e-01 1.89452e+00 
1.07476e-01 1.90619e+00 
1.07641e-01 1.91788e+00 
1.07806e-01 1.92939e+00 
1.07972e-01 1.94102e+00 
1.08138e-01 1.95247e+00 
1.08304e-01 1.96404e+00 
1.08470e-01 1.97562e+00 
1.08637e-01 1.98700e+00 
1.08804e-01 1.99850e+00 
1.08971e-01 2.01002e+00 
1.09138e-01 2.02136e+00 
1.09306e-01 2.03280e+00 
1.09474e-01 2.04426e+00 
1.09642e-01 2.05554e+00 
1.09811e-01 2.06694e+00 
1.09979e-01 2.07820e+00 
1.10148e-01 2.08958e+00 
1.10317e-01 2.10078e+00 
1.10487e-01 2.11211e+00 
1.10657e-01 2.12327e+00 
1.10827e-01 2.13459e+00 
1.10997e-01 2.14575e+00 
1.11167e-01 2.15687e+00 
1.11338e-01 2.16814e+00 
1.11509e-01 2.17926e+00 
1.11680e-01 2.19037e+00 
1.11852e-01 2.20144e+00 
1.12024e-01 2.21251e+00 
1.12196e-01 2.22357e+00 
1.12368e-01 2.23466e+00 
1.12541e-01 2.24555e+00 
1.12714e-01 2.25655e+00 
1.12887e-01 2.26760e+00 
1.13060e-01 2.27849e+00 
1.13234e-01 2.28932e+00 
1.13408e-01 2.30031e+00 
1.13582e-01 2.31117e+00 
1.13757e-01 2.32199e+00 
1.13931e-01 2.33282e+00 
1.14106e-01 2.34364e+00 
1.14282e-01 2.35447e+00 
1.14457e-01 2.36513e+00 
1.14633e-01 2.37595e+00 
1.14809e-01 2.38662e+00 
1.14986e-01 2.39726e+00 
1.15162e-01 2.40791e+00 
1.15339e-01 2.41854e+00 
1.15516e-01 2.42917e+00 
1.15694e-01 2.43980e+00 
1.15872e-01 2.45026e+00 
1.16050e-01 2.46089e+00 
1.16228e-01 2.47138e+00 
1.16406e-01 2.48187e+00 
1.16585e-01 2.49234e+00 
1.16764e-01 2.50283e+00 
1.16944e-01 2.51313e+00 
1.17123e-01 2.52362e+00 
1.17303e-01 2.53395e+00 
1.17483e-01 2.54427e+00 
1.17664e-01 2.55459e+00 
1.17845e-01 2.56492e+00 
1.18026e-01 2.57509e+00 
1.18207e-01 2.58542e+00 
1.18389e-01 2.59560e+00 
1.18571e-01 2.60578e+00 
1.18753e-01 2.61599e+00 
1.18935e-01 2.62603e+00 
1.19118e-01 2.63623e+00 
1.19301e-01 2.64628e+00 
1.19484e-01 2.65634e+00 
1.19668e-01 2.66640e+00 
1.19851e-01 2.67632e+00 
1.20036e-01 2.68637e+00 
1.20220e-01 2.69631e+00 
1.20405e-01 2.70622e+00 
1.20590e-01 2.71619e+00 
1.20775e-01 2.72601e+00 
1.20960e-01 2.73583e+00 
1.21146e-01 2.74563e+00 
1.21332e-01 2.75543e+00 
1.21519e-01 2.76525e+00 
1.21705e-01 2.77496e+00 
1.21892e-01 2.78465e+00 
1.22080e-01 2.79436e+00 
1.22267e-01 2.80391e+00 
1.22455e-01 2.81362e+00 
1.22643e-01 2.82320e+00 
1.22831e-01 2.83282e+00 
1.23020e-01 2.84225e+00 
1.23209e-01 2.85185e+00 
1.23398e-01 2.86137e+00 
1.23588e-01 2.87068e+00 
1.23778e-01 2.88017e+00 
1.23968e-01 2.88953e+00 
1.24158e-01 2.89889e+00 
1.24349e-01 2.90823e+00 
1.24540e-01 2.91762e+00 
1.24732e-01 2.92686e+00 
1.24923e-01 2.93615e+00 
1.25115e-01 2.94527e+00 
1.25307e-01 2.95456e+00 
1.25500e-01 2.96373e+00 
1.25693e-01 2.97273e+00 
1.25886e-01 2.98190e+00 
1.26079e-01 2.99095e+00 
1.26273e-01 2.99998e+00 
1.26467e-01 3.00905e+00 
1.26661e-01 3.01800e+00 
1.26856e-01 3.02693e+00 
1.27050e-01 3.03592e+00 
1.27246e-01 3.04474e+00 
1.27441e-01 3.05358e+00 
1.27637e-01 3.06240e+00 
1.27833e-01 3.07127e+00 
1.28029e-01 3.08001e+00 
1.28226e-01 3.08873e+00 
1.28423e-01 3.09751e+00 
1.28620e-01 3.10616e+00 
1.28818e-01 3.11481e+00 
1.29016e-01 3.12330e+00 
1.29214e-01 3.13197e+00 
1.29412e-01 3.14052e+00 
1.29611e-01 3.14909e+00 
1.29810e-01 3.15753e+00 
1.30010e-01 3.16595e+00 
1.30209e-01 3.17444e+00 
1.30409e-01 3.18278e+00 
1.30610e-01 3.19110e+00 
1.30810e-01 3.19948e+00 
1.31011e-01 3.20768e+00 
1.31213e-01 3.21606e+00 
1.31414e-01 3.22418e+00 
1.31616e-01 3.23244e+00 
1.31818e-01 3.24059e+00 
1.32021e-01 3.24876e+00 
1.32224e-01 3.25680e+00 
1.32427e-01 3.26484e+00 
1.32630e-01 3.27292e+00 
1.32834e-01 3.28086e+00 
1.33038e-01 3.28879e+00 
1.33242e-01 3.29674e+00 
1.33447e-01 3.30471e+00 
1.33652e-01 3.31259e+00 
1.33857e-01 3.32030e+00 
1.34063e-01 3.32817e+00 
1.34269e-01 3.33595e+00 
1.34475e-01 3.34357e+00 
1.34682e-01 3.35134e+00 
1.34889e-01 3.35901e+00 
1.35096e-01 3.36653e+00 
1.35303e-01 3.37423e+00 
1.35511e-01 3.38181e+00 
1.35719e-01 3.38922e+00 
1.35928e-01 3.39683e+00 
1.36137e-01 3.40414e+00 
1.36346e-01 3.41161e+00 
1.36555e-01 3.41897e+00 
1.36765e-01 3.42630e+00 
1.36975e-01 3.43368e+00 
1.37186e-01 3.44093e+00 
1.37396e-01 3.44823e+00 
1.37607e-01 3.45538e+00 
1.37819e-01 3.46252e+00 
1.38031e-01 3.46969e+00 
1.38243e-01 3.47674e+00 
1.38455e-01 3.48380e+00 
1.38668e-01 3.49086e+00 
1.38881e-01 3.49781e+00 
1.39094e-01 3.50475e+00 
1.39308e-01 3.51172e+00 
1.39522e-01 3.51856e+00 
1.39736e-01 3.52541e+00 
1.39951e-01 3.53227e+00 
1.40166e-01 3.53902e+00 
1.40381e-01 3.54580e+00 
1.40597e-01 3.55242e+00 
1.40813e-01 3.55905e+00 
1.41029e-01 3.56568e+00 
1.41246e-01 3.57233e+00 
1.41463e-01 3.57887e+00 
1.41680e-01 3.58544e+00 
1.41898e-01 3.59185e+00 
1.42116e-01 3.59828e+00 
1.42334e-01 3.60474e+00 
1.42553e-01 3.61104e+00 
1.42772e-01 3.61735e+00 
1.42991e-01 3.62371e+00 
1.43211e-01 3.62991e+00 
1.43431e-01 3.63611e+00 
1.43651e-01 3.64236e+00 
1.43872e-01 3.64844e+00 
1.44093e-01 3.65454e+00 
1.44314e-01 3.66067e+00 
1.44536e-01 3.66665e+00 
1.44758e-01 3.67267e+00 
1.44980e-01 3.67851e+00 
1.45203e-01 3.68452e+00 
1.45426e-01 3.69043e+00 
1.45649e-01 3.69621e+00 
1.45873e-01 3.70195e+00 
1.46097e-01 3.70771e+00 
1.46321e-01 3.71349e+00 
1.46546e-01 3.71913e+00 
1.46771e-01 3.72476e+00 
1.46997e-01 3.73041e+00 
1.47223e-01 3.73592e+00 
1.47449e-01 3.74144e+00 
1.47675e-01 3.74700e+00 
1.47902e-01 3.75240e+00 
1.48129e-01 3.75780e+00 
1.48357e-01 3.76321e+00 
1.48585e-01 3.76849e+00 
1.48813e-01 3.77378e+00 
1.49042e-01 3.77906e+00 
1.49271e-01 3.78422e+00 
1.49500e-01 3.78938e+00 
1.49730e-01 3.79454e+00 
1.49960e-01 3.79953e+00 
1.50190e-01 3.80469e+00 
1.50421e-01 3.80973e+00 
1.50652e-01 3.81465e+00 
1.50883e-01 3.81954e+00 
1.51115e-01 3.82441e+00 
1.51347e-01 3.82931e+00 
1.51580e-01 3.83402e+00 
1.51813e-01 3.83893e+00 
1.52046e-01 3.84354e+00 
1.52279e-01 3.84831e+00 
1.52513e-01 3.85292e+00 
1.52748e-01 3.85750e+00 
1.52982e-01 3.86214e+00 
1.53217e-01 3.86662e+00 
1.53453e-01 3.87105e+00 
1.53688e-01 3.87552e+00 
1.53924e-01 3.87999e+00 
1.54161e-01 3.88430e+00 
1.54398e-01 3.88859e+00 
1.54635e-01 3.89292e+00 
1.54872e-01 3.89706e+00 
1.55110e-01 3.90135e+00 
1.55349e-01 3.90548e+00 
1.55587e-01 3.90967e+00 
1.55826e-01 3.91369e+00 
1.56066e-01 3.91766e+00 
1.56305e-01 3.92165e+00 
1.56546e-01 3.92558e+00 
1.56786e-01 3.92957e+00 
1.57027e-01 3.93339e+00 
1.57268e-01 3.93719e+00 
1.57510e-01 3.94096e+00 
1.57752e-01 3.94476e+00 
1.57994e-01 3.94841e+00 
1.58237e-01 3.95199e+00 
1.58480e-01 3.95576e+00 
1.58723e-01 3.95922e+00 
1.58967e-01 3.96281e+00 
1.59211e-01 3.96621e+00 
1.59456e-01 3.96976e+00 
1.59701e-01 3.97320e+00 
1.59946e-01 3.97645e+00 
1.60192e-01 3.97982e+00 
1.60438e-01 3.98300e+00 
1.60684e-01 3.98635e+00 
1.60931e-01 3.98953e+00 
1.61179e-01 3.99270e+00 
1.61426e-01 3.99571e+00 
1.61674e-01 3.99884e+00 
1.61922e-01 4.00178e+00 
1.62171e-01 4.00486e+00 
1.62420e-01 4.00779e+00 
1.62670e-01 4.01071e+00 
1.62920e-01 4.01344e+00 
1.63170e-01 4.01628e+00 
1.63421e-01 4.01912e+00 
1.63672e-01 4.02181e+00 
1.63923e-01 4.02447e+00 
1.64175e-01 4.02708e+00 
1.64427e-01 4.02967e+00 
1.64680e-01 4.03221e+00 
1.64933e-01 4.03474e+00 
1.65186e-01 4.03727e+00 
1.65440e-01 4.03959e+00 
1.65694e-01 4.04205e+00 
1.65949e-01 4.04430e+00 
1.66203e-01 4.04671e+00 
1.66459e-01 4.04893e+00 
1.66715e-01 4.05111e+00 
1.66971e-01 4.05327e+00 
1.67227e-01 4.05540e+00 
1.67484e-01 4.05748e+00 
1.67741e-01 4.05954e+00 
1.67999e-01 4.06158e+00 
1.68257e-01 4.06341e+00 
1.68516e-01 4.06533e+00 
1.68774e-01 4.06728e+00 
1.69034e-01 4.06897e+00 
1.69293e-01 4.07080e+00 
1.69553e-01 4.07261e+00 
1.69814e-01 4.07419e+00 
1.70075e-01 4.07591e+00 
1.70336e-01 4.07742e+00 
1.70598e-01 4.07902e+00 
1.70860e-01 4.08062e+00 
1.71122e-01 4.08201e+00 
1.71385e-01 4.08351e+00 
1.71648e-01 4.08481e+00 
1.71912e-01 4.08618e+00 
1.72176e-01 4.08755e+00 
1.72441e-01 4.08869e+00 
1.72706e-01 4.08992e+00 
1.72971e-01 4.09112e+00 
1.73237e-01 4.09226e+00 
1.73503e-01 4.09339e+00 
1.73769e-01 4.09427e+00 
1.74036e-01 4.09540e+00 
1.74304e-01 4.09634e+00 
1.74571e-01 4.09724e+00 
1.74840e-01 4.09803e+00 
1.75108e-01 4.09896e+00 
1.75377e-01 4.09967e+00 
1.75647e-01 4.10047e+00 
1.75916e-01 4.10108e+00 
1.76187e-01 4.10173e+00 
1.76457e-01 4.10236e+00 
1.76728e-01 4.10292e+00 
1.77000e-01 4.10336e+00 
1.77272e-01 4.10393e+00 
1.77544e-01 4.10428e+00 
1.77817e-01 4.10470e+00 
1.78090e-01 4.10506e+00 
1.78364e-01 4.10536e+00 
1.78638e-01 4.10557e+00 
1.78912e-01 4.10589e+00 
1.79187e-01 4.10597e+00 
1.79462e-01 4.10613e+00 
1.79738e-01 4.10621e+00 
1.80014e-01 4.10621e+00 
1.80290e-01 4.10632e+00 
1.80567e-01 4.10618e+00 
1.80845e-01 4.10609e+00 
1.81123e-01 4.10591e+00 
1.81401e-01 4.10585e+00 
1.81680e-01 4.10553e+00 
1.81959e-01 4.10528e+00 
1.82238e-01 4.10493e+00 
1.82518e-01 4.10464e+00 
1.82798e-01 4.10430e+00 
1.83079e-01 4.10386e+00 
1.83361e-01 4.10331e+00 
1.83642e-01 4.10285e+00 
1.83924e-01 4.10230e+00 
1.84207e-01 4.10164e+00 
1.84490e-01 4.10104e+00 
1.84773e-01 4.10038e+00 
1.85057e-01 4.09963e+00 
1.85341e-01 4.09877e+00 
1.85626e-01 4.09791e+00 
1.85911e-01 4.09712e+00 
1.86197e-01 4.09625e+00 
1.86483e-01 4.09530e+00 
1.86769e-01 4.09424e+00 
1.87056e-01 4.09319e+00 
1.87344e-01 4.09221e+00 
1.87631e-01 4.09098e+00 
1.87920e-01 4.08993e+00 
1.88208e-01 4.08866e+00 
1.88498e-01 4.08737e+00 
1.88787e-01 4.08616e+00 
1.89077e-01 4.08485e+00 
1.89368e-01 4.08341e+00 
1.89658e-01 4.08204e+00 
1.89950e-01 4.08050e+00 
1.90242e-01 4.07898e+00 
1.90534e-01 4.07753e+00 
1.90827e-01 4.07597e+00 
1.91120e-01 4.07430e+00 
1.91413e-01 4.07268e+00 
1.91707e-01 4.07090e+00 
1.92002e-01 4.06911e+00 
1.92297e-01 4.06738e+00 
1.92592e-01 4.06553e+00 
1.92888e-01 4.06371e+00 
1.93184e-01 4.06175e+00 
1.93481e-01 4.05983e+00 
1.93778e-01 4.05778e+00 
1.94076e-01 4.05571e+00 
1.94374e-01 4.05369e+00 
1.94673e-01 4.05151e+00 
1.94972e-01 4.04934e+00 
1.95271e-01 4.04721e+00 
1.95571e-01 4.04494e+00 
1.95872e-01 4.04268e+00 
1.96173e-01 4.04029e+00 
1.96474e-01 4.03789e+00 
1.96776e-01 4.03547e+00 
1.97078e-01 4.03309e+00 
1.97381e-01 4.03056e+00 
1.97684e-01 4.02802e+00 
1.97988e-01 4.02551e+00 
1.98292e-01 4.02285e+00 
1.98597e-01 4.02016e+00 
1.98902e-01 4.01746e+00 
1.99207e-01 4.01480e+00 
1.99513e-01 4.01196e+00 
1.99820e-01 4.00907e+00 
2.00127e-01 4.00638e+00 
2.00434e-01 4.00337e+00 
2.00742e-01 4.00049e+00 
2.01050e-01 3.99744e+00 
2.01359e-01 3.99452e+00 
2.01669e-01 3.99145e+00 
2.01978e-01 3.98841e+00 
2.02289e-01 3.98514e+00 
2.02599e-01 3.98201e+00 
2.02911e-01 3.97886e+00 
2.03222e-01 3.97557e+00 
2.03535e-01 3.97219e+00 
2.03847e-01 3.96898e+00 
2.04160e-01 3.96560e+00 
2.04474e-01 3.96218e+00 
2.04788e-01 3.95873e+00 
2.05103e-01 3.95524e+00 
2.05418e-01 3.95173e+00 
2.05733e-01 3.94819e+00 
2.06049e-01 3.94465e+00 
2.06366e-01 3.94089e+00 
2.06683e-01 3.93723e+00 
2.07001e-01 3.93351e+00 
2.07319e-01 3.92977e+00 
2.07637e-01 3.92601e+00 
2.07956e-01 3.92219e+00 
2.08275e-01 3.91834e+00 
2.08595e-01 3.91445e+00 
2.08916e-01 3.91049e+00 
2.09237e-01 3.90650e+00 
2.09558e-01 3.90243e+00 
2.09880e-01 3.89848e+00 
2.10203e-01 3.89429e+00 
2.10525e-01 3.89022e+00 
2.10849e-01 3.88608e+00 
2.11173e-01 3.88190e+00 
2.11497e-01 3.87769e+00 
2.11822e-01 3.87340e+00 
2.12147e-01 3.86903e+00 
2.12473e-01 3.86473e+00 
2.12800e-01 3.86038e+00 
2.13127e-01 3.85598e+00 
2.13454e-01 3.85152e+00 
2.13782e-01 3.84697e+00 
2.14110e-01 3.84249e+00 
2.14439e-01 3.83795e+00 
2.14769e-01 3.83331e+00 
2.15099e-01 3.82879e+00 
2.15429e-01 3.82403e+00 
2.15760e-01 3.81931e+00 
2.16091e-01 3.81470e+00 
2.16423e-01 3.80984e+00 
2.16756e-01 3.80501e+00 
2.17089e-01 3.80029e+00 
2.17422e-01 3.79533e+00 
2.17756e-01 3.79039e+00 
2.18091e-01 3.78552e+00 
2.18426e-01 3.78058e+00 
2.18762e-01 3.77552e+00 
2.19098e-01 3.77055e+00 
2.19434e-01 3.76551e+00 
2.19771e-01 3.76034e+00 
2.20109e-01 3.75523e+00 
2.20447e-01 3.75000e+00 
2.20786e-01 3.74483e+00 
2.21125e-01 3.73954e+00 
2.21464e-01 3.73428e+00 
2.21805e-01 3.72909e+00 
2.22145e-01 3.72364e+00 
2.22487e-01 3.71834e+00 
2.22828e-01 3.71300e+00 
2.23171e-01 3.70752e+00 
2.23514e-01 3.70209e+00 
2.23857e-01 3.69653e+00 
2.24201e-01 3.69098e+00 
2.24545e-01 3.68548e+00 
2.24890e-01 3.67985e+00 
2.25236e-01 3.67422e+00 
2.25582e-01 3.66864e+00 
2.25928e-01 3.66295e+00 
2.26275e-01 3.65728e+00 
2.26623e-01 3.65148e+00 
2.26971e-01 3.64568e+00 
2.27320e-01 3.63988e+00 
2.27669e-01 3.63413e+00 
2.28019e-01 3.62825e+00 
2.28369e-01 3.62239e+00 
2.28720e-01 3.61636e+00 
2.29071e-01 3.61050e+00 
2.29423e-01 3.60450e+00 
2.29776e-01 3.59849e+00 
2.30129e-01 3.59252e+00 
2.30482e-01 3.58642e+00 
2.30836e-01 3.58030e+00 
2.31191e-01 3.57415e+00 
2.31546e-01 3.56800e+00 
2.31902e-01 3.56184e+00 
2.32258e-01 3.55571e+00 
2.32615e-01 3.54943e+00 
2.32972e-01 3.54310e+00 
2.33330e-01 3.53693e+00 
2.33688e-01 3.53062e+00 
2.34047e-01 3.52432e+00 
2.34407e-01 3.51782e+00 
2.34767e-01 3.51144e+00 
2.35128e-01 3.50504e+00 
2.35489e-01 3.49866e+00 
2.35851e-01 3.49208e+00 
2.36213e-01 3.48562e+00 
2.36576e-01 3.47916e+00 
2.36939e-01 3.47252e+00 
2.37303e-01 3.46598e+00 
2.37668e-01 3.45944e+00 
2.38033e-01 3.45271e+00 
2.38398e-01 3.44609e+00 
2.38765e-01 3.43942e+00 
2.39131e-01 3.43275e+00 
2.39499e-01 3.42603e+00 
2.39867e-01 3.41928e+00 
2.40235e-01 3.41250e+00 
2.40604e-01 3.40565e+00 
2.40974e-01 3.39893e+00 
2.41344e-01 3.39200e+00 
2.41715e-01 3.38516e+00 
2.42086e-01 3.37830e+00 
2.42458e-01 3.37139e+00 
2.42831e-01 3.36440e+00 
2.43204e-01 3.35755e+00 
2.43577e-01 3.35049e+00 
2.43951e-01 3.34352e+00 
2.44326e-01 3.33649e+00 
2.44701e-01 3.32939e+00 
2.45077e-01 3.32236e+00 
2.45454e-01 3.31530e+00 
2.45831e-01 3.30819e+00 
2.46209e-01 3.30098e+00 
2.46587e-01 3.29386e+00 
2.46966e-01 3.28665e+00 
2.47345e-01 3.27957e+00 
2.47725e-01 3.27223e+00 
2.48105e-01 3.26514e+00 
2.48487e-01 3.25781e+00 
2.48868e-01 3.25058e+00 
2.49251e-01 3.24324e+00 
2.49634e-01 3.23598e+00 
2.50017e-01 3.22868e+00 
2.50401e-01 3.22127e+00 
2.50786e-01 3.21393e+00 
2.51171e-01 3.20650e+00 
2.51557e-01 3.19913e+00 
2.51943e-01 3.19167e+00 
2.52330e-01 3.18427e+00 
2.52718e-01 3.17677e+00 
2.53106e-01 3.16934e+00 
2.53495e-01 3.16180e+00 
2.53884e-01 3.15434e+00 
2.54275e-01 3.14675e+00 
2.54665e-01 3.13921e+00 
2.55056e-01 3.13173e+00 
2.55448e-01 3.12418e+00 
2.55841e-01 3.11651e+00 
2.56234e-01 3.10886e+00 
2.56627e-01 3.10125e+00 
2.57021e-01 3.09370e+00 
2.57416e-01 3.08606e+00 
2.57812e-01 3.07827e+00 
2.58208e-01 3.07068e+00 
2.58604e-01 3.06302e+00 
2.59002e-01 3.05519e+00 
2.59400e-01 3.04756e+00 
2.59798e-01 3.03984e+00 
2.60197e-01 3.03197e+00 
2.60597e-01 3.02428e+00 
2.60997e-01 3.01647e+00 
2.61398e-01 3.00868e+00 
2.61800e-01 3.00092e+00 
2.62202e-01 2.99305e+00 
2.62605e-01 2.98519e+00 
2.63008e-01 2.97733e+00 
2.63412e-01 2.96948e+00 
2.63817e-01 2.96167e+00 
2.64222e-01 2.95370e+00 
2.64628e-01 2.94590e+00 
2.65035e-01 2.93798e+00 
2.65442e-01 2.93007e+00 
2.65849e-01 2.92220e+00 
2.66258e-01 2.91415e+00 
2.66667e-01 2.90627e+00 
2.67077e-01 2.89822e+00 
2.67487e-01 2.89035e+00 
2.67898e-01 2.88233e+00 
2.68309e-01 2.87428e+00 
2.68721e-01 2.86640e+00 
2.69134e-01 2.85839e+00 
2.69548e-01 2.85036e+00 
2.69962e-01 2.84233e+00 
2.70376e-01 2.83430e+00 
2.70792e-01 2.82625e+00 
2.71208e-01 2.81821e+00 
2.71624e-01 2.81015e+00 
2.72042e-01 2.80207e+00 
2.72460e-01 2.79399e+00 
2.72878e-01 2.78586e+00 
2.73297e-01 2.77789e+00 
2.73717e-01 2.76978e+00 
2.74138e-01 2.76161e+00 
2.74559e-01 2.75359e+00 
2.74981e-01 2.74540e+00 
2.75403e-01 2.73733e+00 
2.75826e-01 2.72927e+00 
2.76250e-01 2.72102e+00 
2.76674e-01 2.71286e+00 
2.77099e-01 2.70485e+00 
2.77525e-01 2.69668e+00 
2.77951e-01 2.68845e+00 
2.78378e-01 2.68033e+00 
2.78806e-01 2.67220e+00 
2.79234e-01 2.66404e+00 
2.79663e-01 2.65583e+00 
2.80093e-01 2.64776e+00 
2.80523e-01 2.63949e+00 
2.80954e-01 2.63133e+00 
2.81386e-01 2.62311e+00 
2.81818e-01 2.61504e+00 
2.82251e-01 2.60676e+00 
2.82684e-01 2.59859e+00 
2.83119e-01 2.59034e+00 
2.83554e-01 2.58221e+00 
2.83989e-01 2.57405e+00 
2.84425e-01 2.56586e+00 
2.84862e-01 2.55760e+00 
2.85300e-01 2.54944e+00 
2.85738e-01 2.54121e+00 
2.86177e-01 2.53312e+00 
2.86617e-01 2.52482e+00 
2.87057e-01 2.51658e+00 
2.87498e-01 2.50843e+00 
2.87940e-01 2.50026e+00 
2.88382e-01 2.49201e+00 
2.88825e-01 2.48386e+00 
2.89269e-01 2.47567e+00 
2.89713e-01 2.46740e+00 
2.90158e-01 2.45919e+00 
2.90604e-01 2.45111e+00 
2.91050e-01 2.44278e+00 
2.91498e-01 2.43471e+00 
2.91945e-01 2.42640e+00 
2.92394e-01 2.41834e+00 
2.92843e-01 2.41008e+00 
2.93293e-01 2.40186e+00 
2.93743e-01 2.39373e+00 
2.94195e-01 2.38552e+00 
2.94647e-01 2.37739e+00 
2.95099e-01 2.36920e+00 
2.95553e-01 2.36109e+00 
2.96007e-01 2.35292e+00 
2.96461e-01 2.34464e+00 
2.96917e-01 2.33657e+00 
2.97373e-01 2.32846e+00 
2.97830e-01 2.32027e+00 
2.98287e-01 2.31215e+00 
2.98745e-01 2.30391e+00 
2.99204e-01 2.29592e+00 
2.99664e-01 2.28767e+00 
3.00124e-01 2.27964e+00 
3.00585e-01 2.27157e+00 
3.01047e-01 2.26339e+00 
3.01510e-01 2.25526e+00 
3.01973e-01 2.24721e+00 
3.02437e-01 2.23906e+00 
3.02901e-01 2.23096e+00 
3.03367e-01 2.22289e+00 
3.03833e-01 2.21491e+00 
3.04299e-01 2.20688e+00 
3.04767e-01 2.19870e+00 
3.05235e-01 2.19075e+00 
3.05704e-01 2.18273e+00 
3.06174e-01 2.17458e+00 
3.06644e-01 2.16664e+00 
3.07115e-01 2.15860e+00 
3.07587e-01 2.15063e+00 
3.08059e-01 2.14254e+00 
3.08533e-01 2.13465e+00 
3.09007e-01 2.12670e+00 
3.09481e-01 2.11861e+00 
3.09957e-01 2.11073e+00 
3.10433e-01 2.10275e+00 
3.10910e-01 2.09480e+00 
3.11387e-01 2.08692e+00 
3.11866e-01 2.07890e+00 
3.12345e-01 2.07109e+00 
3.12825e-01 2.06318e+00 
3.13305e-01 2.05535e+00 
3.13786e-01 2.04737e+00 
3.14268e-01 2.03959e+00 
3.14751e-01 2.03171e+00 
3.15235e-01 2.02386e+00 
3.15719e-01 2.01608e+00 
3.16204e-01 2.00817e+00 
3.16690e-01 2.00044e+00 
3.17176e-01 1.99262e+00 
3.17664e-01 1.98482e+00 
3.18152e-01 1.97706e+00 
3.18640e-01 1.96936e+00 
3.19130e-01 1.96152e+00 
3.19620e-01 1.95388e+00 
3.20111e-01 1.94613e+00 
3.20603e-01 1.93840e+00 
3.21095e-01 1.93070e+00 
3.21589e-01 1.92303e+00 
3.22083e-01 1.91539e+00 
3.22577e-01 1.90782e+00 
3.23073e-01 1.90013e+00 
3.23569e-01 1.89243e+00 
3.24066e-01 1.88492e+00 
3.24564e-01 1.87732e+00 
3.25063e-01 1.86973e+00 
3.25562e-01 1.86217e+00 
3.26062e-01 1.85464e+00 
3.26563e-01 1.84717e+00 
3.27065e-01 1.83956e+00 
3.27567e-01 1.83214e+00 
3.28070e-01 1.82457e+00 
3.28574e-01 1.81719e+00 
3.29079e-01 1.80970e+00 
3.29585e-01 1.80220e+00 
3.30091e-01 1.79489e+00 
3.30598e-01 1.78748e+00 
3.31106e-01 1.78009e+00 
3.31615e-01 1.77272e+00 
3.32124e-01 1.76537e+00 
3.32634e-01 1.75806e+00 
3.33145e-01 1.75080e+00 
3.33657e-01 1.74339e+00 
3.34170e-01 1.73613e+00 
3.34683e-01 1.72893e+00 
3.35197e-01 1.72159e+00 
3.35712e-01 1.71440e+00 
3.36228e-01 1.70726e+00 
3.36744e-01 1.69999e+00 
3.37262e-01 1.69290e+00 
3.37780e-01 1.68567e+00 
3.38299e-01 1.67862e+00 
3.38818e-01 1.67147e+00 
3.39339e-01 1.66430e+00 
3.39860e-01 1.65731e+00 
3.40382e-01 1.65019e+00 
3.40905e-01 1.64325e+00 
3.41429e-01 1.63621e+00 
3.41953e-01 1.62918e+00 
3.42479e-01 1.62213e+00 
3.43005e-01 1.61529e+00 
3.43532e-01 1.60832e+00 
3.44059e-01 1.60138e+00 
3.44588e-01 1.59442e+00 
3.45117e-01 1.58766e+00 
3.45647e-01 1.58078e+00 
3.46178e-01 1.57393e+00 
3.46710e-01 1.56709e+00 
3.47243e-01 1.56023e+00 
3.47776e-01 1.55357e+00 
3.48310e-01 1.54681e+00 
3.48846e-01 1.54006e+00 
3.49381e-01 1.53334e+00 
3.49918e-01 1.52663e+00 
3.50456e-01 1.51990e+00 
3.50994e-01 1.51337e+00 
3.51533e-01 1.50674e+00 
3.52073e-01 1.50013e+00 
3.52614e-01 1.49353e+00 
3.53156e-01 1.48696e+00 
3.53698e-01 1.48041e+00 
3.54242e-01 1.47387e+00 
3.54786e-01 1.46732e+00 
3.55331e-01 1.46097e+00 
3.55877e-01 1.45452e+00 
3.56423e-01 1.44809e+00 
3.56971e-01 1.44167e+00 
3.57519e-01 1.43529e+00 
3.58069e-01 1.42892e+00 
3.58619e-01 1.42258e+00 
3.59170e-01 1.41626e+00 
3.59721e-01 1.40997e+00 
3.60274e-01 1.40370e+00 
3.60827e-01 1.39745e+00 
3.61382e-01 1.39122e+00 
3.61937e-01 1.38502e+00 
3.62493e-01 1.37884e+00 
3.63050e-01 1.37269e+00 
3.63607e-01 1.36657e+00 
3.64166e-01 1.36047e+00 
3.64725e-01 1.35440e+00 
3.65286e-01 1.34835e+00 
3.65847e-01 1.34238e+00 
3.66409e-01 1.33625e+00 
3.66972e-01 1.33028e+00 
3.67536e-01 1.32434e+00 
3.68100e-01 1.31847e+00 
3.68666e-01 1.31244e+00 
3.69232e-01 1.30659e+00 
3.69799e-01 1.30080e+00 
3.70367e-01 1.29487e+00 
3.70936e-01 1.28914e+00 
3.71506e-01 1.28330e+00 
3.72077e-01 1.27745e+00 
3.72648e-01 1.27180e+00 
3.73221e-01 1.26604e+00 
3.73794e-01 1.26028e+00 
3.74368e-01 1.25474e+00 
3.74943e-01 1.24902e+00 
3.75519e-01 1.24341e+00 
3.76096e-01 1.23782e+00 
3.76674e-01 1.23223e+00 
3.77253e-01 1.22669e+00 
3.77832e-01 1.22116e+00 
3.78413e-01 1.21567e+00 
3.78994e-01 1.21019e+00 
3.79576e-01 1.20474e+00 
3.80159e-01 1.19932e+00 
3.80743e-01 1.19391e+00 
3.81328e-01 1.18854e+00 
3.81914e-01 1.18319e+00 
3.82501e-01 1.17787e+00 
3.83088e-01 1.17256e+00 
3.83677e-01 1.16728e+00 
3.84266e-01 1.16204e+00 
3.84857e-01 1.15682e+00 
3.85448e-01 1.15161e+00 
3.86040e-01 1.14643e+00 
3.86633e-01 1.14128e+00 
3.87227e-01 1.13616e+00 
3.87822e-01 1.13106e+00 
3.88418e-01 1.12598e+00 
3.89014e-01 1.12093e+00 
3.89612e-01 1.11591e+00 
3.90210e-01 1.11090e+00 
3.90810e-01 1.10593e+00 
3.91410e-01 1.10099e+00 
3.92011e-01 1.09605e+00 
3.92614e-01 1.09116e+00 
3.93217e-01 1.08628e+00 
3.93821e-01 1.08144e+00 
3.94426e-01 1.07662e+00 
3.95032e-01 1.07180e+00 
3.95639e-01 1.06703e+00 
3.96246e-01 1.06229e+00 
3.96855e-01 1.05755e+00 
3.97465e-01 1.05286e+00 
3.98075e-01 1.04819e+00 
3.98687e-01 1.04353e+00 
3.99299e-01 1.03892e+00 
3.99913e-01 1.03430e+00 
4.00527e-01 1.02974e+00 
4.01142e-01 1.02518e+00 
4.01759e-01 1.02066e+00 
4.02376e-01 1.01615e+00 
4.02994e-01 1.01168e+00 
4.03613e-01 1.00723e+00 
4.04233e-01 1.00281e+00 
4.04854e-01 9.98404e-01 
4.05476e-01 9.94027e-01 
4.06099e-01 9.89672e-01 
4.06723e-01 9.85341e-01 
4.07347e-01 9.81038e-01 
4.07973e-01 9.76761e-01 
4.08600e-01 9.72513e-01 
4.09228e-01 9.68284e-01 
4.09856e-01 9.64068e-01 
4.10486e-01 9.59894e-01 
4.11117e-01 9.55740e-01 
4.11748e-01 9.51609e-01 
4.12381e-01 9.47493e-01 
4.13014e-01 9.43411e-01 
4.13649e-01 9.39350e-01 
4.14284e-01 9.35310e-01 
4.14920e-01 9.31310e-01 
4.15558e-01 9.27317e-01 
4.16196e-01 9.23351e-01 
4.16836e-01 9.19407e-01 
4.17476e-01 9.15490e-01 
4.18117e-01 9.11599e-01 
4.18760e-01 9.07735e-01 
4.19403e-01 9.03892e-01 
4.20047e-01 9.00064e-01 
4.20692e-01 8.96261e-01 
4.21339e-01 8.92490e-01 
4.21986e-01 8.88743e-01 
4.22634e-01 8.85016e-01 
4.23284e-01 8.81307e-01 
4.23934e-01 8.77615e-01 
4.24585e-01 8.73966e-01 
4.25237e-01 8.70322e-01 
4.25890e-01 8.66717e-01 
4.26545e-01 8.63121e-01 
4.27200e-01 8.59553e-01 
4.27856e-01 8.56015e-01 
4.28514e-01 8.52486e-01 
4.29172e-01 8.48988e-01 
4.29831e-01 8.45507e-01 
4.30491e-01 8.42055e-01 
4.31153e-01 8.38621e-01 
4.31815e-01 8.35205e-01 
4.32478e-01 8.31825e-01 
4.33143e-01 8.28449e-01 
4.33808e-01 8.25112e-01 
4.34475e-01 8.21776e-01 
4.35142e-01 8.18485e-01 
4.35811e-01 8.15200e-01 
4.36480e-01 8.11941e-01 
4.37151e-01 8.08707e-01 
4.37822e-01 8.05489e-01 
4.38495e-01 8.02299e-01 
4.39168e-01 7.99127e-01 
4.39843e-01 7.95968e-01 
4.40519e-01 7.92840e-01 
4.41195e-01 7.89730e-01 
4.41873e-01 7.86642e-01 
4.42552e-01 7.83571e-01 
4.43232e-01 7.80524e-01 
4.43913e-01 7.77499e-01 
4.44595e-01 7.74480e-01 
4.45278e-01 7.71500e-01 
4.45962e-01 7.68536e-01 
4.46647e-01 7.65580e-01 
4.47333e-01 7.62649e-01 
4.48020e-01 7.59747e-01 
4.48708e-01 7.56864e-01 
4.49398e-01 7.53995e-01 
4.50088e-01 7.51146e-01 
4.50779e-01 7.48313e-01 
4.51472e-01 7.45495e-01 
4.52165e-01 7.42713e-01 
4.52860e-01 7.39939e-01 
4.53556e-01 7.37190e-01 
4.54253e-01 7.34448e-01 
4.54950e-01 7.31729e-01 
4.55649e-01 7.29035e-01 
4.56349e-01 7.26352e-01 
4.57050e-01 7.23695e-01 
4.57752e-01 7.21056e-01 
4.58456e-01 7.18431e-01 
4.59160e-01 7.15822e-01 
4.59865e-01 7.13231e-01 
4.60572e-01 7.10651e-01 
4.61279e-01 7.08109e-01 
4.61988e-01 7.05577e-01 
4.62698e-01 7.03044e-01 
4.63408e-01 7.00553e-01 
4.64120e-01 6.98069e-01 
4.64833e-01 6.95596e-01 
4.65547e-01 6.93146e-01 
4.66262e-01 6.90708e-01 
4.66979e-01 6.88299e-01 
4.67696e-01 6.85886e-01 
4.68415e-01 6.83503e-01 
4.69134e-01 6.81136e-01 
4.69855e-01 6.78786e-01 
4.70577e-01 6.76438e-01 
4.71300e-01 6.74123e-01 
4.72024e-01 6.71815e-01 
4.72749e-01 6.69529e-01 
4.73475e-01 6.67247e-01 
4.74202e-01 6.64991e-01 
4.74931e-01 6.62738e-01 
4.75660e-01 6.60514e-01 
4.76391e-01 6.58300e-01 
4.77123e-01 6.56099e-01 
4.77856e-01 6.53912e-01 
4.78590e-01 6.51739e-01 
4.79325e-01 6.49580e-01 
4.80061e-01 6.47436e-01 
4.80799e-01 6.45311e-01 
4.81538e-01 6.43189e-01 
4.82277e-01 6.41084e-01 
4.83018e-01 6.39001e-01 
4.83760e-01 6.36921e-01 
4.84503e-01 6.34865e-01 
4.85248e-01 6.32817e-01 
4.85993e-01 6.30781e-01 
4.86740e-01 6.28750e-01 
4.87487e-01 6.26749e-01 
4.88236e-01 6.24741e-01 
4.88986e-01 6.22764e-01 
4.89737e-01 6.20784e-01 
4.90490e-01 6.18836e-01 
4.91243e-01 6.16874e-01 
4.91998e-01 6.14942e-01 
4.92754e-01 6.13010e-01 
4.93511e-01 6.11101e-01 
4.94269e-01 6.09193e-01 
4.95028e-01 6.07305e-01 
4.95789e-01 6.05425e-01 
4.96550e-01 6.03553e-01 
4.97313e-01 6.01704e-01 
4.98077e-01 5.99847e-01 
4.98842e-01 5.98019e-01 
4.99608e-01 5.96183e-01 
5.00376e-01 5.94375e-01 
5.01145e-01 5.92567e-01 
5.01914e-01 5.90775e-01 
5.02686e-01 5.88974e-01 
5.03458e-01 5.87207e-01 
5.04231e-01 5.85444e-01 
5.05006e-01 5.83680e-01 
5.05782e-01 5.81935e-01 
5.06559e-01 5.80195e-01 
5.07337e-01 5.78458e-01 
5.08116e-01 5.76740e-01 
5.08897e-01 5.75030e-01 
5.09678e-01 5.73327e-01 
5.10461e-01 5.71632e-01 
5.11246e-01 5.69945e-01 
5.12031e-01 5.68270e-01 
5.12818e-01 5.66589e-01 
5.13605e-01 5.64934e-01 
5.14394e-01 5.63276e-01 
5.15185e-01 5.61631e-01 
5.15976e-01 5.59983e-01 
5.16769e-01 5.58348e-01 
5.17562e-01 5.56731e-01 
5.18358e-01 5.55114e-01 
5.19154e-01 5.53502e-01 
5.19951e-01 5.51890e-01 
5.20750e-01 5.50293e-01 
5.21550e-01 5.48703e-01 
5.22351e-01 5.47115e-01 
5.23154e-01 5.45530e-01 
5.23957e-01 5.43968e-01 
5.24762e-01 5.42400e-01 
5.25568e-01 5.40840e-01 
5.26376e-01 5.39288e-01 
5.27184e-01 5.37727e-01 
5.27994e-01 5.36192e-01 
5.28805e-01 5.34653e-01 
5.29618e-01 5.33105e-01 
5.30431e-01 5.31587e-01 
5.31246e-01 5.30065e-01 
5.32062e-01 5.28542e-01 
5.32880e-01 5.27030e-01 
5.33698e-01 5.25522e-01 
5.34518e-01 5.24010e-01 
5.35339e-01 5.22512e-01 
5.36162e-01 5.21016e-01 
5.36985e-01 5.19525e-01 
5.37810e-01 5.18032e-01 
5.38636e-01 5.16542e-01 
5.39464e-01 5.15071e-01 
5.40293e-01 5.13588e-01 
5.41123e-01 5.12111e-01 
5.41954e-01 5.10637e-01 
5.42786e-01 5.09168e-01 
5.43620e-01 5.07704e-01 
5.44455e-01 5.06248e-01 
5.45292e-01 5.04783e-01 
5.46129e-01 5.03326e-01 
5.46968e-01 5.01878e-01 
5.47809e-01 5.00421e-01 
5.48650e-01 4.98976e-01 
5.49493e-01 4.97524e-01 
5.50337e-01 4.96081e-01 
5.51183e-01 4.94634e-01 
5.52029e-01 4.93199e-01 
5.52877e-01 4.91760e-01 
5.53727e-01 4.90316e-01 
5.54577e-01 4.88884e-01 
5.55429e-01 4.87452e-01 
5.56283e-01 4.86019e-01 
5.57137e-01 4.84581e-01 
5.57993e-01 4.83160e-01 
5.58850e-01 4.81721e-01 
5.59709e-01 4.80296e-01 
5.60569e-01 4.78876e-01 
5.61430e-01 4.77438e-01 
5.62292e-01 4.76014e-01 
5.63156e-01 4.74595e-01 
5.64021e-01 4.73161e-01 
5.64887e-01 4.71744e-01 
5.65755e-01 4.70315e-01 
5.66624e-01 4.68888e-01 
5.67495e-01 4.67461e-01 
5.68367e-01 4.66037e-01 
5.69240e-01 4.64619e-01 
5.70114e-01 4.63192e-01 
5.70990e-01 4.61765e-01 
5.71867e-01 4.60345e-01 
5.72746e-01 4.58914e-01 
5.73626e-01 4.57486e-01 
5.74507e-01 4.56064e-01 
5.75389e-01 4.54635e-01 
5.76273e-01 4.53211e-01 
5.77158e-01 4.51776e-01 
5.78045e-01 4.50349e-01 
5.78933e-01 4.48912e-01 
5.79822e-01 4.47484e-01 
5.80713e-01 4.46045e-01 
5.81605e-01 4.44613e-01 
5.82499e-01 4.43172e-01 
5.83394e-01 4.41739e-01 
5.84290e-01 4.40300e-01 
5.85187e-01 4.38855e-01 
5.86086e-01 4.37414e-01 
5.86987e-01 4.35965e-01 
5.87888e-01 4.34530e-01 
5.88792e-01 4.33071e-01 
5.89696e-01 4.31617e-01 
5.90602e-01 4.30171e-01 
5.91509e-01 4.28722e-01 
5.92418e-01 4.27268e-01 
5.93328e-01 4.25807e-01 
5.94239e-01 4.24339e-01 
5.95152e-01 4.22879e-01 
5.96067e-01 4.21409e-01 
5.96982e-01 4.19954e-01 
5.97899e-01 4.18475e-01 
5.98818e-01 4.17007e-01 
5.99738e-01 4.15533e-01 
6.00659e-01 4.14055e-01 
6.01582e-01 4.12569e-01 
6.02506e-01 4.11095e-01 
6.03432e-01 4.09599e-01 
6.04359e-01 4.08107e-01 
6.05287e-01 4.06630e-01 
6.06217e-01 4.05134e-01 
6.07148e-01 4.03628e-01 
6.08081e-01 4.02132e-01 
6.09015e-01 4.00631e-01 
6.09950e-01 3.99126e-01 
6.10887e-01 3.97615e-01 
6.11826e-01 3.96095e-01 
6.12766e-01 3.94585e-01 
6.13707e-01 3.93069e-01 
6.14650e-01 3.91548e-01 
6.15594e-01 3.90022e-01 
6.16540e-01 3.88487e-01 
6.17487e-01 3.86960e-01 
6.18436e-01 3.85429e-01 
6.19386e-01 3.83893e-01 
6.20337e-01 3.82350e-01 
6.21290e-01 3.80798e-01 
6.22244e-01 3.79255e-01 
6.23200e-01 3.77707e-01 
6.24158e-01 3.76152e-01 
6.25117e-01 3.74587e-01 
6.26077e-01 3.73034e-01 
6.27039e-01 3.71454e-01 
6.28002e-01 3.69897e-01 
6.28967e-01 3.68318e-01 
6.29933e-01 3.66747e-01 
6.30901e-01 3.65168e-01 
6.31870e-01 3.63580e-01 
6.32840e-01 3.61998e-01 
6.33813e-01 3.60408e-01 
6.34786e-01 3.58809e-01 
6.35761e-01 3.57214e-01 
6.36738e-01 3.55611e-01 
6.37716e-01 3.54013e-01 
6.38696e-01 3.52407e-01 
6.39677e-01 3.50791e-01 
6.40660e-01 3.49179e-01 
6.41644e-01 3.47557e-01 
6.42630e-01 3.45939e-01 
6.43617e-01 3.44310e-01 
6.44606e-01 3.42687e-01 
6.45596e-01 3.41051e-01 
6.46588e-01 3.39419e-01 
6.47581e-01 3.37774e-01 
6.48576e-01 3.36130e-01 
6.49572e-01 3.34491e-01 
6.50570e-01 3.32839e-01 
6.51569e-01 3.31191e-01 
6.52570e-01 3.29529e-01 
6.53573e-01 3.27867e-01 
6.54577e-01 3.26205e-01 
6.55582e-01 3.24545e-01 
6.56589e-01 3.22872e-01 
6.57598e-01 3.21198e-01 
6.58608e-01 3.19522e-01 
6.59620e-01 3.17848e-01 
6.60633e-01 3.16157e-01 
6.61648e-01 3.14480e-01 
6.62665e-01 3.12789e-01 
6.63683e-01 3.11090e-01 
6.64702e-01 3.09408e-01 
6.65723e-01 3.07711e-01 
6.66746e-01 3.06010e-01 
6.67770e-01 3.04307e-01 
6.68796e-01 3.02600e-01 
6.69823e-01 3.00890e-01 
6.70852e-01 2.99172e-01 
6.71883e-01 2.97468e-01 
6.72915e-01 2.95743e-01 
6.73949e-01 2.94027e-01 
6.74984e-01 2.92308e-01 
6.76021e-01 2.90583e-01 
6.77060e-01 2.88849e-01 
6.78100e-01 2.87123e-01 
6.79141e-01 2.85393e-01 
6.80185e-01 2.83652e-01 
6.81230e-01 2.81921e-01 
6.82276e-01 2.80180e-01 
6.83324e-01 2.78449e-01 
6.84374e-01 2.76691e-01 
6.85425e-01 2.74955e-01 
6.86478e-01 2.73211e-01 
6.87533e-01 2.71455e-01 
6.88589e-01 2.69702e-01 
6.89647e-01 2.67954e-01 
6.90706e-01 2.66196e-01 
6.91767e-01 2.64440e-01 
6.92830e-01 2.62688e-01 
6.93894e-01 2.60925e-01 
6.94960e-01 2.59160e-01 
6.96028e-01 2.57398e-01 
6.97097e-01 2.55636e-01 
6.98168e-01 2.53879e-01 
6.99241e-01 2.52103e-01 
7.00315e-01 2.50346e-01 
7.01391e-01 2.48575e-01 
7.02468e-01 2.46798e-01 
7.03547e-01 2.45038e-01 
7.04628e-01 2.43260e-01 
7.05710e-01 2.41497e-01 
7.06795e-01 2.39716e-01 
7.07880e-01 2.37947e-01 
7.08968e-01 2.36176e-01 
7.10057e-01 2.34401e-01 
7.11148e-01 2.32621e-01 
7.12240e-01 2.30851e-01 
7.13334e-01 2.29078e-01 
7.14430e-01 2.27297e-01 
7.15528e-01 2.25527e-01 
7.16627e-01 2.23750e-01 
7.17728e-01 2.21981e-01 
7.18830e-01 2.20209e-01 
7.19935e-01 2.18429e-01 
7.21040e-01 2.16658e-01 
7.22148e-01 2.14885e-01 
7.23258e-01 2.13112e-01 
7.24369e-01 2.11341e-01 
7.25481e-01 2.09571e-01 
7.26596e-01 2.07800e-01 
7.27712e-01 2.06033e-01 
7.28830e-01 2.04264e-01 
7.29950e-01 2.02497e-01 
7.31071e-01 2.00733e-01 
7.32194e-01 1.98969e-01 
7.33319e-01 1.97207e-01 
7.34445e-01 1.95446e-01 
7.35574e-01 1.93687e-01 
7.36704e-01 1.91931e-01 
7.37835e-01 1.90174e-01 
7.38969e-01 1.88419e-01 
7.40104e-01 1.86670e-01 
7.41241e-01 1.84920e-01 
7.42380e-01 1.83173e-01 
7.43520e-01 1.81428e-01 
7.44662e-01 1.79687e-01 
7.45806e-01 1.77946e-01 
7.46952e-01 1.76209e-01 
7.48099e-01 1.74476e-01 
7.49249e-01 1.72745e-01 
7.50400e-01 1.71015e-01 
7.51552e-01 1.69291e-01 
7.52707e-01 1.67569e-01 
7.53863e-01 1.65850e-01 
7.55021e-01 1.64135e-01 
7.56181e-01 1.62424e-01 
7.57343e-01 1.60716e-01 
7.58506e-01 1.59010e-01 
7.59671e-01 1.57310e-01 
7.60838e-01 1.55615e-01 
7.62007e-01 1.53921e-01 
7.63178e-01 1.52233e-01 
7.64350e-01 1.50549e-01 
7.65524e-01 1.48871e-01 
7.66700e-01 1.47194e-01 
7.67878e-01 1.45524e-01 
7.69058e-01 1.43859e-01 
7.70239e-01 1.42197e-01 
7.71423e-01 1.40542e-01 
7.72608e-01 1.38891e-01 
7.73795e-01 1.37246e-01 
7.74983e-01 1.35604e-01 
7.76174e-01 1.33970e-01 
7.77366e-01 1.32340e-01 
7.78560e-01 1.30717e-01 
7.79756e-01 1.29098e-01 
7.80954e-01 1.27486e-01 
7.82154e-01 1.25879e-01 
7.83355e-01 1.24280e-01 
7.84559e-01 1.22684e-01 
7.85764e-01 1.21097e-01 
7.86971e-01 1.19516e-01 
7.88180e-01 1.17941e-01 
7.89391e-01 1.16372e-01 
7.90604e-01 1.14810e-01 
7.91818e-01 1.13256e-01 
7.93035e-01 1.11709e-01 
7.94253e-01 1.10166e-01 
7.95473e-01 1.08634e-01 
7.96695e-01 1.07106e-01 
7.97919e-01 1.05588e-01 
7.99145e-01 1.04076e-01 
8.00372e-01 1.02574e-01 
8.01602e-01 1.01077e-01 
8.02833e-01 9.95887e-02 
8.04066e-01 9.81080e-02 
8.05302e-01 9.66354e-02 
8.06539e-01 9.51716e-02 
8.07778e-01 9.37165e-02 
8.09019e-01 9.22680e-02 
8.10262e-01 9.08294e-02 
8.11506e-01 8.93992e-02 
8.12753e-01 8.79769e-02 
8.14001e-01 8.65645e-02 
8.15252e-01 8.51600e-02 
8.16504e-01 8.37654e-02 
8.17759e-01 8.23784e-02 
8.19015e-01 8.10025e-02 
8.20273e-01 7.96350e-02 
8.21533e-01 7.82770e-02 
8.22795e-01 7.69284e-02 
8.24059e-01 7.55895e-02 
8.25325e-01 7.42603e-02 
8.26593e-01 7.29409e-02 
8.27863e-01 7.16307e-02 
8.29135e-01 7.03322e-02 
8.30408e-01 6.90421e-02 
8.31684e-01 6.77634e-02 
8.32962e-01 6.64950e-02 
8.34241e-01 6.52350e-02 
8.35523e-01 6.39882e-02 
8.36806e-01 6.27507e-02 
8.38092e-01 6.15237e-02 
8.39379e-01 6.03070e-02 
8.40669e-01 5.91028e-02 
8.41960e-01 5.79083e-02 
8.43254e-01 5.67250e-02 
8.44549e-01 5.55533e-02 
8.45846e-01 5.43917e-02 
8.47146e-01 5.32416e-02 
8.48447e-01 5.21035e-02 
8.49751e-01 5.09760e-02 
8.51056e-01 4.98611e-02 
8.52363e-01 4.87576e-02 
8.53673e-01 4.76659e-02 
8.54984e-01 4.65844e-02 
8.56298e-01 4.55164e-02 
8.57613e-01 4.44592e-02 
8.58930e-01 4.34149e-02 
8.60250e-01 4.23823e-02 
8.61571e-01 4.13617e-02 
8.62895e-01 4.03533e-02 
8.64221e-01 3.93558e-02 
8.65548e-01 3.83729e-02 
8.66878e-01 3.74004e-02 
8.68210e-01 3.64419e-02 
8.69543e-01 3.54945e-02 
8.70879e-01 3.45600e-02 
8.72217e-01 3.36386e-02 
8.73557e-01 3.27294e-02 
8.74899e-01 3.18330e-02 
8.76243e-01 3.09492e-02 
8.77589e-01 3.00783e-02 
8.78937e-01 2.92201e-02 
8.80287e-01 2.83747e-02 
8.81640e-01 2.75422e-02 
8.82994e-01 2.67227e-02 
8.84350e-01 2.59161e-02 
8.85709e-01 2.51224e-02 
8.87070e-01 2.43417e-02 
8.88432e-01 2.35743e-02 
8.89797e-01 2.28197e-02 
8.91164e-01 2.20782e-02 
8.92533e-01 2.13499e-02 
8.93904e-01 2.06347e-02 
8.95277e-01 1.99326e-02 
8.96653e-01 1.92435e-02 
8.98030e-01 1.85678e-02 
8.99410e-01 1.79051e-02 
9.00791e-01 1.72556e-02 
9.02175e-01 1.66192e-02 
9.03561e-01 1.59960e-02 
9.04949e-01 1.53858e-02 
9.06339e-01 1.47891e-02 
9.07732e-01 1.42051e-02 
9.09126e-01 1.36344e-02 
9.10523e-01 1.30768e-02 
9.11921e-01 1.25320e-02 
9.13322e-01 1.20006e-02 
9.14725e-01 1.14819e-02 
9.16131e-01 1.09763e-02 
9.17538e-01 1.04835e-02 
9.18947e-01 1.00036e-02 
9.20359e-01 9.53662e-03 
9.21773e-01 9.08226e-03 
9.23189e-01 8.64082e-03 
9.24607e-01 8.21187e-03 
9.26028e-01 7.79562e-03 
9.27450e-01 7.39187e-03 
9.28875e-01 7.00054e-03 
9.30302e-01 6.62157e-03 
9.31731e-01 6.25495e-03 
9.33162e-01 5.90049e-03 
9.34596e-01 5.55816e-03 
9.36032e-01 5.22781e-03 
9.37470e-01 4.90949e-03 
9.38910e-01 4.60287e-03 
9.40352e-01 4.30798e-03 
9.41797e-01 4.02466e-03 
9.43243e-01 3.75283e-03 
9.44692e-01 3.49230e-03 
9.46144e-01 3.24297e-03 
9.47597e-01 3.00470e-03 
9.49053e-01 2.77733e-03 
9.50511e-01 2.56072e-03 
9.51971e-01 2.35469e-03 
9.53433e-01 2.15910e-03 
9.54898e-01 1.97376e-03 
9.56365e-01 1.79852e-03 
9.57834e-01 1.63315e-03 
9.59306e-01 1.47750e-03 
9.60779e-01 1.33134e-03 
9.62255e-01 1.19447e-03 
9.63733e-01 1.06668e-03 
9.65214e-01 9.47732e-04 
9.66697e-01 8.37419e-04 
9.68182e-01 7.35479e-04 
9.69669e-01 6.41689e-04 
9.71159e-01 5.55767e-04 
9.72651e-01 4.77458e-04 
9.74145e-01 4.06484e-04 
9.75641e-01 3.42560e-04 
9.77140e-01 2.85392e-04 
9.78641e-01 2.34670e-04 
9.80144e-01 1.90080e-04 
9.81650e-01 1.51294e-04 
9.83158e-01 1.17970e-04 
9.84669e-01 8.97569e-05 
9.86181e-01 6.62860e-05 
9.87696e-01 4.71787e-05 
9.89213e-01 3.20391e-05 
9.90733e-01 2.04562e-05 
9.92255e-01 1.20001e-05 
9.93779e-01 6.22184e-06 
9.95306e-01 2.64983e-06 
9.96835e-01 7.85495e-07 
9.98366e-01 9.62241e-08 
9.99900e-01 2.86293e-10 
