1.00000e-02 1.14745e+01 
1.00154e-02 1.14615e+01 
1.00307e-02 1.14486e+01 
1.00462e-02 1.14351e+01 
1.00616e-02 1.14233e+01 
1.00770e-02 1.14102e+01 
1.00925e-02 1.13965e+01 
1.01080e-02 1.13841e+01 
1.01236e-02 1.13715e+01 
1.01391e-02 1.13591e+01 
1.01547e-02 1.13466e+01 
1.01703e-02 1.13340e+01 
1.01859e-02 1.13213e+01 
1.02016e-02 1.13085e+01 
1.02172e-02 1.12955e+01 
1.02329e-02 1.12838e+01 
1.02486e-02 1.12704e+01 
1.02644e-02 1.12582e+01 
1.02802e-02 1.12461e+01 
1.02959e-02 1.12341e+01 
1.03118e-02 1.12217e+01 
1.03276e-02 1.12096e+01 
1.03435e-02 1.11972e+01 
1.03594e-02 1.11847e+01 
1.03753e-02 1.11718e+01 
1.03912e-02 1.11606e+01 
1.04072e-02 1.11475e+01 
1.04232e-02 1.11357e+01 
1.04392e-02 1.11239e+01 
1.04552e-02 1.11121e+01 
1.04713e-02 1.11001e+01 
1.04874e-02 1.10882e+01 
1.05035e-02 1.10762e+01 
1.05196e-02 1.10641e+01 
1.05358e-02 1.10515e+01 
1.05520e-02 1.10406e+01 
1.05682e-02 1.10278e+01 
1.05844e-02 1.10163e+01 
1.06007e-02 1.10047e+01 
1.06169e-02 1.09933e+01 
1.06333e-02 1.09817e+01 
1.06496e-02 1.09701e+01 
1.06659e-02 1.09585e+01 
1.06823e-02 1.09466e+01 
1.06987e-02 1.09344e+01 
1.07152e-02 1.09237e+01 
1.07316e-02 1.09114e+01 
1.07481e-02 1.09003e+01 
1.07646e-02 1.08897e+01 
1.07812e-02 1.08771e+01 
1.07977e-02 1.08658e+01 
1.08143e-02 1.08543e+01 
1.08309e-02 1.08425e+01 
1.08476e-02 1.08324e+01 
1.08642e-02 1.08209e+01 
1.08809e-02 1.08089e+01 
1.08976e-02 1.07985e+01 
1.09144e-02 1.07863e+01 
1.09311e-02 1.07755e+01 
1.09479e-02 1.07645e+01 
1.09648e-02 1.07535e+01 
1.09816e-02 1.07425e+01 
1.09985e-02 1.07315e+01 
1.10154e-02 1.07203e+01 
1.10323e-02 1.07086e+01 
1.10492e-02 1.06987e+01 
1.10662e-02 1.06869e+01 
1.10832e-02 1.06764e+01 
1.11002e-02 1.06664e+01 
1.11173e-02 1.06544e+01 
1.11344e-02 1.06437e+01 
1.11515e-02 1.06330e+01 
1.11686e-02 1.06222e+01 
1.11858e-02 1.06109e+01 
1.12029e-02 1.06015e+01 
1.12202e-02 1.05904e+01 
1.12374e-02 1.05790e+01 
1.12547e-02 1.05687e+01 
1.12719e-02 1.05590e+01 
1.12893e-02 1.05473e+01 
1.13066e-02 1.05370e+01 
1.13240e-02 1.05266e+01 
1.13414e-02 1.05161e+01 
1.13588e-02 1.05055e+01 
1.13762e-02 1.04945e+01 
1.13937e-02 1.04852e+01 
1.14112e-02 1.04741e+01 
1.14288e-02 1.04645e+01 
1.14463e-02 1.04533e+01 
1.14639e-02 1.04433e+01 
1.14815e-02 1.04333e+01 
1.14991e-02 1.04233e+01 
1.15168e-02 1.04131e+01 
1.15345e-02 1.04030e+01 
1.15522e-02 1.03927e+01 
1.15700e-02 1.03824e+01 
1.15877e-02 1.03717e+01 
1.16055e-02 1.03625e+01 
1.16234e-02 1.03514e+01 
1.16412e-02 1.03418e+01 
1.16591e-02 1.03321e+01 
1.16770e-02 1.03227e+01 
1.16950e-02 1.03111e+01 
1.17129e-02 1.03026e+01 
1.17309e-02 1.02926e+01 
1.17489e-02 1.02827e+01 
1.17670e-02 1.02721e+01 
1.17851e-02 1.02633e+01 
1.18032e-02 1.02527e+01 
1.18213e-02 1.02439e+01 
1.18395e-02 1.02331e+01 
1.18576e-02 1.02237e+01 
1.18759e-02 1.02141e+01 
1.18941e-02 1.02046e+01 
1.19124e-02 1.01949e+01 
1.19307e-02 1.01852e+01 
1.19490e-02 1.01751e+01 
1.19674e-02 1.01666e+01 
1.19857e-02 1.01568e+01 
1.20042e-02 1.01464e+01 
1.20226e-02 1.01372e+01 
1.20411e-02 1.01281e+01 
1.20596e-02 1.01194e+01 
1.20781e-02 1.01087e+01 
1.20966e-02 1.00990e+01 
1.21152e-02 1.00910e+01 
1.21338e-02 1.00816e+01 
1.21525e-02 1.00721e+01 
1.21711e-02 1.00622e+01 
1.21898e-02 1.00538e+01 
1.22086e-02 1.00437e+01 
1.22273e-02 1.00350e+01 
1.22461e-02 1.00265e+01 
1.22649e-02 1.00163e+01 
1.22838e-02 1.00072e+01 
1.23026e-02 9.99813e+00 
1.23215e-02 9.98856e+00 
1.23405e-02 9.98063e+00 
1.23594e-02 9.97144e+00 
1.23784e-02 9.96179e+00 
1.23974e-02 9.95370e+00 
1.24165e-02 9.94387e+00 
1.24355e-02 9.93543e+00 
1.24546e-02 9.92726e+00 
1.24738e-02 9.91719e+00 
1.24929e-02 9.90851e+00 
1.25121e-02 9.89962e+00 
1.25314e-02 9.89028e+00 
1.25506e-02 9.88271e+00 
1.25699e-02 9.87375e+00 
1.25892e-02 9.86433e+00 
1.26085e-02 9.85653e+00 
1.26279e-02 9.84701e+00 
1.26473e-02 9.83878e+00 
1.26667e-02 9.83082e+00 
1.26862e-02 9.82107e+00 
1.27057e-02 9.81260e+00 
1.27252e-02 9.80409e+00 
1.27447e-02 9.79544e+00 
1.27643e-02 9.78636e+00 
1.27839e-02 9.77886e+00 
1.28036e-02 9.76975e+00 
1.28232e-02 9.76223e+00 
1.28429e-02 9.75302e+00 
1.28627e-02 9.74539e+00 
1.28824e-02 9.73600e+00 
1.29022e-02 9.72780e+00 
1.29220e-02 9.71955e+00 
1.29419e-02 9.71125e+00 
1.29618e-02 9.70282e+00 
1.29817e-02 9.69403e+00 
1.30016e-02 9.68696e+00 
1.30216e-02 9.67838e+00 
1.30416e-02 9.66937e+00 
1.30616e-02 9.66176e+00 
1.30817e-02 9.65433e+00 
1.31018e-02 9.64516e+00 
1.31219e-02 9.63725e+00 
1.31421e-02 9.62928e+00 
1.31623e-02 9.62127e+00 
1.31825e-02 9.61320e+00 
1.32027e-02 9.60508e+00 
1.32230e-02 9.59646e+00 
1.32433e-02 9.58953e+00 
1.32637e-02 9.58081e+00 
1.32841e-02 9.57370e+00 
1.33045e-02 9.56481e+00 
1.33249e-02 9.55722e+00 
1.33454e-02 9.54966e+00 
1.33659e-02 9.54234e+00 
1.33864e-02 9.53288e+00 
1.34070e-02 9.52637e+00 
1.34276e-02 9.51853e+00 
1.34482e-02 9.51057e+00 
1.34689e-02 9.50219e+00 
1.34895e-02 9.49546e+00 
1.35103e-02 9.48698e+00 
1.35310e-02 9.48016e+00 
1.35518e-02 9.47151e+00 
1.35726e-02 9.46414e+00 
1.35935e-02 9.45665e+00 
1.36144e-02 9.44919e+00 
1.36353e-02 9.44167e+00 
1.36562e-02 9.43418e+00 
1.36772e-02 9.42642e+00 
1.36982e-02 9.41839e+00 
1.37192e-02 9.41199e+00 
1.37403e-02 9.40409e+00 
1.37614e-02 9.39577e+00 
1.37826e-02 9.38865e+00 
1.38037e-02 9.38169e+00 
1.38250e-02 9.37490e+00 
1.38462e-02 9.36632e+00 
1.38675e-02 9.35893e+00 
1.38888e-02 9.35120e+00 
1.39101e-02 9.34515e+00 
1.39315e-02 9.33769e+00 
1.39529e-02 9.33018e+00 
1.39743e-02 9.32211e+00 
1.39958e-02 9.31544e+00 
1.40173e-02 9.30900e+00 
1.40388e-02 9.30087e+00 
1.40604e-02 9.29390e+00 
1.40820e-02 9.28696e+00 
1.41036e-02 9.28004e+00 
1.41253e-02 9.27301e+00 
1.41470e-02 9.26592e+00 
1.41687e-02 9.25879e+00 
1.41905e-02 9.25147e+00 
1.42123e-02 9.24375e+00 
1.42341e-02 9.23775e+00 
1.42560e-02 9.22987e+00 
1.42779e-02 9.22335e+00 
1.42998e-02 9.21712e+00 
1.43218e-02 9.20911e+00 
1.43438e-02 9.20237e+00 
1.43658e-02 9.19559e+00 
1.43879e-02 9.18869e+00 
1.44100e-02 9.18168e+00 
1.44321e-02 9.17434e+00 
1.44543e-02 9.16855e+00 
1.44765e-02 9.16105e+00 
1.44987e-02 9.15523e+00 
1.45210e-02 9.14772e+00 
1.45433e-02 9.14174e+00 
1.45656e-02 9.13399e+00 
1.45880e-02 9.12750e+00 
1.46104e-02 9.12097e+00 
1.46329e-02 9.11432e+00 
1.46554e-02 9.10770e+00 
1.46779e-02 9.10096e+00 
1.47004e-02 9.09383e+00 
1.47230e-02 9.08830e+00 
1.47456e-02 9.08142e+00 
1.47683e-02 9.07403e+00 
1.47910e-02 9.06795e+00 
1.48137e-02 9.06222e+00 
1.48364e-02 9.05469e+00 
1.48592e-02 9.04840e+00 
1.48821e-02 9.04207e+00 
1.49049e-02 9.03575e+00 
1.49278e-02 9.02933e+00 
1.49507e-02 9.02279e+00 
1.49737e-02 9.01587e+00 
1.49967e-02 9.01058e+00 
1.50198e-02 9.00391e+00 
1.50428e-02 8.99686e+00 
1.50659e-02 8.99136e+00 
1.50891e-02 8.98403e+00 
1.51123e-02 8.97798e+00 
1.51355e-02 8.97189e+00 
1.51587e-02 8.96587e+00 
1.51820e-02 8.95969e+00 
1.52053e-02 8.95352e+00 
1.52287e-02 8.94725e+00 
1.52521e-02 8.94087e+00 
1.52755e-02 8.93411e+00 
1.52990e-02 8.92888e+00 
1.53225e-02 8.92198e+00 
1.53460e-02 8.91672e+00 
1.53696e-02 8.90967e+00 
1.53932e-02 8.90380e+00 
1.54169e-02 8.89796e+00 
1.54405e-02 8.89213e+00 
1.54643e-02 8.88614e+00 
1.54880e-02 8.88023e+00 
1.55118e-02 8.87415e+00 
1.55356e-02 8.86802e+00 
1.55595e-02 8.86140e+00 
1.55834e-02 8.85648e+00 
1.56073e-02 8.84983e+00 
1.56313e-02 8.84475e+00 
1.56553e-02 8.83797e+00 
1.56794e-02 8.83248e+00 
1.57035e-02 8.82727e+00 
1.57276e-02 8.82029e+00 
1.57518e-02 8.81448e+00 
1.57760e-02 8.80863e+00 
1.58002e-02 8.80236e+00 
1.58245e-02 8.79775e+00 
1.58488e-02 8.79177e+00 
1.58731e-02 8.78543e+00 
1.58975e-02 8.78063e+00 
1.59219e-02 8.77414e+00 
1.59464e-02 8.76925e+00 
1.59709e-02 8.76256e+00 
1.59954e-02 8.75714e+00 
1.60200e-02 8.75162e+00 
1.60446e-02 8.74618e+00 
1.60692e-02 8.74063e+00 
1.60939e-02 8.73505e+00 
1.61187e-02 8.72936e+00 
1.61434e-02 8.72363e+00 
1.61682e-02 8.71742e+00 
1.61931e-02 8.71285e+00 
1.62179e-02 8.70655e+00 
1.62428e-02 8.70189e+00 
1.62678e-02 8.69540e+00 
1.62928e-02 8.69016e+00 
1.63178e-02 8.68493e+00 
1.63429e-02 8.67961e+00 
1.63680e-02 8.67430e+00 
1.63931e-02 8.66901e+00 
1.64183e-02 8.66363e+00 
1.64435e-02 8.65813e+00 
1.64688e-02 8.65248e+00 
1.64941e-02 8.64649e+00 
1.65194e-02 8.64208e+00 
1.65448e-02 8.63589e+00 
1.65702e-02 8.63104e+00 
1.65957e-02 8.62645e+00 
1.66212e-02 8.62014e+00 
1.66467e-02 8.61504e+00 
1.66723e-02 8.60991e+00 
1.66979e-02 8.60479e+00 
1.67236e-02 8.59952e+00 
1.67492e-02 8.59420e+00 
1.67750e-02 8.58844e+00 
1.68007e-02 8.58440e+00 
1.68266e-02 8.57892e+00 
1.68524e-02 8.57302e+00 
1.68783e-02 8.56869e+00 
1.69042e-02 8.56261e+00 
1.69302e-02 8.55778e+00 
1.69562e-02 8.55292e+00 
1.69822e-02 8.54801e+00 
1.70083e-02 8.54312e+00 
1.70345e-02 8.53808e+00 
1.70606e-02 8.53311e+00 
1.70868e-02 8.52805e+00 
1.71131e-02 8.52283e+00 
1.71394e-02 8.51716e+00 
1.71657e-02 8.51320e+00 
1.71921e-02 8.50745e+00 
1.72185e-02 8.50335e+00 
1.72449e-02 8.49753e+00 
1.72714e-02 8.49300e+00 
1.72980e-02 8.48873e+00 
1.73245e-02 8.48273e+00 
1.73511e-02 8.47791e+00 
1.73778e-02 8.47294e+00 
1.74045e-02 8.46764e+00 
1.74312e-02 8.46402e+00 
1.74580e-02 8.45899e+00 
1.74848e-02 8.45357e+00 
1.75117e-02 8.44978e+00 
1.75386e-02 8.44463e+00 
1.75655e-02 8.43893e+00 
1.75925e-02 8.43456e+00 
1.76195e-02 8.43021e+00 
1.76466e-02 8.42616e+00 
1.76737e-02 8.42031e+00 
1.77009e-02 8.41567e+00 
1.77281e-02 8.41094e+00 
1.77553e-02 8.40617e+00 
1.77826e-02 8.40096e+00 
1.78099e-02 8.39752e+00 
1.78372e-02 8.39263e+00 
1.78647e-02 8.38727e+00 
1.78921e-02 8.38353e+00 
1.79196e-02 8.37803e+00 
1.79471e-02 8.37389e+00 
1.79747e-02 8.37004e+00 
1.80023e-02 8.36443e+00 
1.80299e-02 8.36006e+00 
1.80576e-02 8.35565e+00 
1.80854e-02 8.35116e+00 
1.81132e-02 8.34656e+00 
1.81410e-02 8.34193e+00 
1.81689e-02 8.33683e+00 
1.81968e-02 8.33339e+00 
1.82247e-02 8.32826e+00 
1.82527e-02 8.32474e+00 
1.82808e-02 8.31949e+00 
1.83088e-02 8.31589e+00 
1.83370e-02 8.31041e+00 
1.83651e-02 8.30624e+00 
1.83934e-02 8.30205e+00 
1.84216e-02 8.29781e+00 
1.84499e-02 8.29354e+00 
1.84783e-02 8.28918e+00 
1.85066e-02 8.28488e+00 
1.85351e-02 8.28034e+00 
1.85635e-02 8.27543e+00 
1.85921e-02 8.27217e+00 
1.86206e-02 8.26756e+00 
1.86492e-02 8.26239e+00 
1.86779e-02 8.25858e+00 
1.87066e-02 8.25505e+00 
1.87353e-02 8.24983e+00 
1.87641e-02 8.24575e+00 
1.87929e-02 8.24173e+00 
1.88218e-02 8.23758e+00 
1.88507e-02 8.23343e+00 
1.88797e-02 8.22921e+00 
1.89087e-02 8.22484e+00 
1.89377e-02 8.22016e+00 
1.89668e-02 8.21710e+00 
1.89959e-02 8.21261e+00 
1.90251e-02 8.20763e+00 
1.90543e-02 8.20397e+00 
1.90836e-02 8.20065e+00 
1.91129e-02 8.19556e+00 
1.91423e-02 8.19170e+00 
1.91717e-02 8.18780e+00 
1.92011e-02 8.18391e+00 
1.92306e-02 8.17998e+00 
1.92602e-02 8.17593e+00 
1.92898e-02 8.17188e+00 
1.93194e-02 8.16780e+00 
1.93491e-02 8.16353e+00 
1.93788e-02 8.15886e+00 
1.94086e-02 8.15582e+00 
1.94384e-02 8.15108e+00 
1.94683e-02 8.14791e+00 
1.94982e-02 8.14296e+00 
1.95281e-02 8.13930e+00 
1.95581e-02 8.13556e+00 
1.95882e-02 8.13178e+00 
1.96183e-02 8.12802e+00 
1.96484e-02 8.12422e+00 
1.96786e-02 8.12034e+00 
1.97088e-02 8.11637e+00 
1.97391e-02 8.11233e+00 
1.97694e-02 8.10783e+00 
1.97998e-02 8.10498e+00 
1.98302e-02 8.10047e+00 
1.98607e-02 8.09750e+00 
1.98912e-02 8.09288e+00 
1.99217e-02 8.08987e+00 
1.99523e-02 8.08503e+00 
1.99830e-02 8.08142e+00 
2.00137e-02 8.07782e+00 
2.00444e-02 8.07418e+00 
2.00752e-02 8.07046e+00 
2.01060e-02 8.06675e+00 
2.01369e-02 8.06286e+00 
2.01679e-02 8.05855e+00 
2.01989e-02 8.05593e+00 
2.02299e-02 8.05194e+00 
2.02610e-02 8.04753e+00 
2.02921e-02 8.04471e+00 
2.03233e-02 8.04013e+00 
2.03545e-02 8.03690e+00 
2.03857e-02 8.03396e+00 
2.04171e-02 8.02920e+00 
2.04484e-02 8.02576e+00 
2.04798e-02 8.02220e+00 
2.05113e-02 8.01860e+00 
2.05428e-02 8.01488e+00 
2.05744e-02 8.01078e+00 
2.06060e-02 8.00835e+00 
2.06376e-02 8.00456e+00 
2.06693e-02 8.00032e+00 
2.07011e-02 7.99769e+00 
2.07329e-02 7.99338e+00 
2.07647e-02 7.99068e+00 
2.07966e-02 7.98616e+00 
2.08286e-02 7.98292e+00 
2.08606e-02 7.97973e+00 
2.08926e-02 7.97689e+00 
2.09247e-02 7.97216e+00 
2.09569e-02 7.96859e+00 
2.09891e-02 7.96471e+00 
2.10213e-02 7.96250e+00 
2.10536e-02 7.95892e+00 
2.10859e-02 7.95527e+00 
2.11183e-02 7.95116e+00 
2.11508e-02 7.94868e+00 
2.11833e-02 7.94451e+00 
2.12158e-02 7.94191e+00 
2.12484e-02 7.93759e+00 
2.12810e-02 7.93450e+00 
2.13137e-02 7.93147e+00 
2.13465e-02 7.92875e+00 
2.13793e-02 7.92421e+00 
2.14121e-02 7.92090e+00 
2.14450e-02 7.91746e+00 
2.14779e-02 7.91367e+00 
2.15109e-02 7.91157e+00 
2.15440e-02 7.90810e+00 
2.15771e-02 7.90449e+00 
2.16102e-02 7.90053e+00 
2.16434e-02 7.89811e+00 
2.16767e-02 7.89391e+00 
2.17100e-02 7.89111e+00 
2.17433e-02 7.88859e+00 
2.17767e-02 7.88430e+00 
2.18102e-02 7.88122e+00 
2.18437e-02 7.87815e+00 
2.18772e-02 7.87505e+00 
2.19109e-02 7.87184e+00 
2.19445e-02 7.86867e+00 
2.19782e-02 7.86538e+00 
2.20120e-02 7.86198e+00 
2.20458e-02 7.85814e+00 
2.20797e-02 7.85595e+00 
2.21136e-02 7.85209e+00 
2.21476e-02 7.84979e+00 
2.21816e-02 7.84583e+00 
2.22157e-02 7.84346e+00 
2.22498e-02 7.83931e+00 
2.22840e-02 7.83638e+00 
2.23182e-02 7.83343e+00 
2.23525e-02 7.83044e+00 
2.23868e-02 7.82747e+00 
2.24212e-02 7.82443e+00 
2.24557e-02 7.82131e+00 
2.24902e-02 7.81812e+00 
2.25247e-02 7.81484e+00 
2.25593e-02 7.81115e+00 
2.25940e-02 7.80906e+00 
2.26287e-02 7.80531e+00 
2.26634e-02 7.80315e+00 
2.26982e-02 7.79930e+00 
2.27331e-02 7.79700e+00 
2.27680e-02 7.79296e+00 
2.28030e-02 7.79016e+00 
2.28380e-02 7.78733e+00 
2.28731e-02 7.78447e+00 
2.29083e-02 7.78155e+00 
2.29435e-02 7.77859e+00 
2.29787e-02 7.77564e+00 
2.30140e-02 7.77257e+00 
2.30494e-02 7.76936e+00 
2.30848e-02 7.76576e+00 
2.31202e-02 7.76377e+00 
2.31557e-02 7.76012e+00 
2.31913e-02 7.75804e+00 
2.32269e-02 7.75424e+00 
2.32626e-02 7.75171e+00 
2.32984e-02 7.74950e+00 
2.33342e-02 7.74554e+00 
2.33700e-02 7.74283e+00 
2.34059e-02 7.74006e+00 
2.34419e-02 7.73726e+00 
2.34779e-02 7.73438e+00 
2.35139e-02 7.73151e+00 
2.35501e-02 7.72846e+00 
2.35862e-02 7.72507e+00 
2.36225e-02 7.72331e+00 
2.36588e-02 7.72017e+00 
2.36951e-02 7.71662e+00 
2.37315e-02 7.71464e+00 
2.37680e-02 7.71091e+00 
2.38045e-02 7.70850e+00 
2.38410e-02 7.70647e+00 
2.38777e-02 7.70258e+00 
2.39143e-02 7.70000e+00 
2.39511e-02 7.69731e+00 
2.39879e-02 7.69463e+00 
2.40247e-02 7.69192e+00 
2.40616e-02 7.68914e+00 
2.40986e-02 7.68630e+00 
2.41356e-02 7.68334e+00 
2.41727e-02 7.67994e+00 
2.42098e-02 7.67821e+00 
2.42470e-02 7.67476e+00 
2.42843e-02 7.67294e+00 
2.43216e-02 7.66940e+00 
2.43589e-02 7.66751e+00 
2.43964e-02 7.66379e+00 
2.44338e-02 7.66140e+00 
2.44714e-02 7.65898e+00 
2.45090e-02 7.65686e+00 
2.45466e-02 7.65299e+00 
2.45843e-02 7.65025e+00 
2.46221e-02 7.64711e+00 
2.46599e-02 7.64569e+00 
2.46978e-02 7.64295e+00 
2.47357e-02 7.64009e+00 
2.47737e-02 7.63681e+00 
2.48118e-02 7.63520e+00 
2.48499e-02 7.63218e+00 
2.48881e-02 7.62867e+00 
2.49263e-02 7.62652e+00 
2.49646e-02 7.62464e+00 
2.50030e-02 7.62101e+00 
2.50414e-02 7.61858e+00 
2.50798e-02 7.61621e+00 
2.51184e-02 7.61374e+00 
2.51569e-02 7.61127e+00 
2.51956e-02 7.60875e+00 
2.52343e-02 7.60619e+00 
2.52731e-02 7.60358e+00 
2.53119e-02 7.60089e+00 
2.53508e-02 7.59810e+00 
2.53897e-02 7.59489e+00 
2.54287e-02 7.59327e+00 
2.54678e-02 7.58998e+00 
2.55069e-02 7.58830e+00 
2.55461e-02 7.58484e+00 
2.55853e-02 7.58275e+00 
2.56246e-02 7.58092e+00 
2.56640e-02 7.57735e+00 
2.57034e-02 7.57499e+00 
2.57429e-02 7.57261e+00 
2.57825e-02 7.57017e+00 
2.58221e-02 7.56770e+00 
2.58617e-02 7.56520e+00 
2.59015e-02 7.56253e+00 
2.59413e-02 7.55949e+00 
2.59811e-02 7.55815e+00 
2.60210e-02 7.55540e+00 
2.60610e-02 7.55224e+00 
2.61010e-02 7.55071e+00 
2.61411e-02 7.54746e+00 
2.61813e-02 7.54577e+00 
2.62215e-02 7.54236e+00 
2.62618e-02 7.54023e+00 
2.63021e-02 7.53814e+00 
2.63425e-02 7.53634e+00 
2.63830e-02 7.53273e+00 
2.64235e-02 7.53034e+00 
2.64641e-02 7.52782e+00 
2.65048e-02 7.52494e+00 
2.65455e-02 7.52376e+00 
2.65863e-02 7.52124e+00 
2.66271e-02 7.51862e+00 
2.66680e-02 7.51556e+00 
2.67090e-02 7.51413e+00 
2.67500e-02 7.51103e+00 
2.67911e-02 7.50955e+00 
2.68323e-02 7.50633e+00 
2.68735e-02 7.50472e+00 
2.69148e-02 7.50130e+00 
2.69561e-02 7.49916e+00 
2.69975e-02 7.49699e+00 
2.70390e-02 7.49477e+00 
2.70805e-02 7.49255e+00 
2.71221e-02 7.49031e+00 
2.71638e-02 7.48798e+00 
2.72055e-02 7.48562e+00 
2.72473e-02 7.48320e+00 
2.72892e-02 7.48062e+00 
2.73311e-02 7.47764e+00 
2.73731e-02 7.47628e+00 
2.74151e-02 7.47329e+00 
2.74573e-02 7.47186e+00 
2.74994e-02 7.46874e+00 
2.75417e-02 7.46719e+00 
2.75840e-02 7.46386e+00 
2.76264e-02 7.46178e+00 
2.76688e-02 7.45970e+00 
2.77113e-02 7.45757e+00 
2.77539e-02 7.45542e+00 
2.77965e-02 7.45328e+00 
2.78392e-02 7.45104e+00 
2.78820e-02 7.44878e+00 
2.79248e-02 7.44643e+00 
2.79677e-02 7.44398e+00 
2.80107e-02 7.44112e+00 
2.80537e-02 7.43998e+00 
2.80968e-02 7.43740e+00 
2.81400e-02 7.43440e+00 
2.81832e-02 7.43297e+00 
2.82265e-02 7.42979e+00 
2.82699e-02 7.42790e+00 
2.83133e-02 7.42609e+00 
2.83568e-02 7.42453e+00 
2.84003e-02 7.42122e+00 
2.84440e-02 7.41914e+00 
2.84877e-02 7.41703e+00 
2.85314e-02 7.41485e+00 
2.85753e-02 7.41263e+00 
2.86192e-02 7.41027e+00 
2.86631e-02 7.40757e+00 
2.87071e-02 7.40656e+00 
2.87512e-02 7.40411e+00 
2.87954e-02 7.40129e+00 
2.88397e-02 7.40011e+00 
2.88840e-02 7.39756e+00 
2.89283e-02 7.39449e+00 
2.89728e-02 7.39276e+00 
2.90173e-02 7.39131e+00 
2.90619e-02 7.38813e+00 
2.91065e-02 7.38619e+00 
2.91512e-02 7.38419e+00 
2.91960e-02 7.38218e+00 
2.92408e-02 7.38017e+00 
2.92858e-02 7.37808e+00 
2.93308e-02 7.37597e+00 
2.93758e-02 7.37382e+00 
2.94209e-02 7.37156e+00 
2.94661e-02 7.36921e+00 
2.95114e-02 7.36644e+00 
2.95567e-02 7.36530e+00 
2.96021e-02 7.36248e+00 
2.96476e-02 7.36127e+00 
2.96932e-02 7.35832e+00 
2.97388e-02 7.35702e+00 
2.97845e-02 7.35393e+00 
2.98302e-02 7.35215e+00 
2.98760e-02 7.35038e+00 
2.99219e-02 7.34893e+00 
2.99679e-02 7.34566e+00 
3.00139e-02 7.34366e+00 
3.00600e-02 7.34158e+00 
3.01062e-02 7.33939e+00 
3.01525e-02 7.33680e+00 
3.01988e-02 7.33595e+00 
3.02452e-02 7.33373e+00 
3.02916e-02 7.33141e+00 
3.03382e-02 7.32865e+00 
3.03848e-02 7.32755e+00 
3.04315e-02 7.32471e+00 
3.04782e-02 7.32350e+00 
3.05250e-02 7.32056e+00 
3.05719e-02 7.31891e+00 
3.06189e-02 7.31757e+00 
3.06659e-02 7.31444e+00 
3.07130e-02 7.31260e+00 
3.07602e-02 7.31071e+00 
3.08075e-02 7.30877e+00 
3.08548e-02 7.30684e+00 
3.09022e-02 7.30482e+00 
3.09497e-02 7.30278e+00 
3.09972e-02 7.30069e+00 
3.10448e-02 7.29848e+00 
3.10925e-02 7.29588e+00 
3.11403e-02 7.29492e+00 
3.11881e-02 7.29259e+00 
3.12360e-02 7.28983e+00 
3.12840e-02 7.28868e+00 
3.13321e-02 7.28575e+00 
3.13802e-02 7.28418e+00 
3.14284e-02 7.28290e+00 
3.14767e-02 7.27983e+00 
3.15251e-02 7.27804e+00 
3.15735e-02 7.27620e+00 
3.16220e-02 7.27437e+00 
3.16706e-02 7.27245e+00 
3.17192e-02 7.27055e+00 
3.17679e-02 7.26863e+00 
3.18167e-02 7.26662e+00 
3.18656e-02 7.26454e+00 
3.19146e-02 7.26235e+00 
3.19636e-02 7.25976e+00 
3.20127e-02 7.25887e+00 
3.20619e-02 7.25656e+00 
3.21111e-02 7.25385e+00 
3.21605e-02 7.25272e+00 
3.22099e-02 7.24982e+00 
3.22594e-02 7.24827e+00 
3.23089e-02 7.24704e+00 
3.23585e-02 7.24403e+00 
3.24082e-02 7.24227e+00 
3.24580e-02 7.24046e+00 
3.25079e-02 7.23861e+00 
3.25578e-02 7.23676e+00 
3.26079e-02 7.23487e+00 
3.26579e-02 7.23295e+00 
3.27081e-02 7.23093e+00 
3.27584e-02 7.22880e+00 
3.28087e-02 7.22628e+00 
3.28591e-02 7.22546e+00 
3.29096e-02 7.22324e+00 
3.29601e-02 7.22061e+00 
3.30108e-02 7.21958e+00 
3.30615e-02 7.21685e+00 
3.31123e-02 7.21575e+00 
3.31631e-02 7.21290e+00 
3.32141e-02 7.21133e+00 
3.32651e-02 7.21011e+00 
3.33162e-02 7.20709e+00 
3.33674e-02 7.20533e+00 
3.34186e-02 7.20353e+00 
3.34700e-02 7.20170e+00 
3.35214e-02 7.19982e+00 
3.35729e-02 7.19789e+00 
3.36245e-02 7.19582e+00 
3.36761e-02 7.19341e+00 
3.37278e-02 7.19270e+00 
3.37797e-02 7.19062e+00 
3.38315e-02 7.18845e+00 
3.38835e-02 7.18583e+00 
3.39356e-02 7.18481e+00 
3.39877e-02 7.18213e+00 
3.40399e-02 7.18104e+00 
3.40922e-02 7.17818e+00 
3.41446e-02 7.17660e+00 
3.41970e-02 7.17510e+00 
3.42496e-02 7.17386e+00 
3.43022e-02 7.17085e+00 
3.43549e-02 7.16911e+00 
3.44077e-02 7.16729e+00 
3.44605e-02 7.16548e+00 
3.45134e-02 7.16362e+00 
3.45665e-02 7.16164e+00 
3.46196e-02 7.15961e+00 
3.46727e-02 7.15719e+00 
3.47260e-02 7.15642e+00 
3.47794e-02 7.15423e+00 
3.48328e-02 7.15168e+00 
3.48863e-02 7.15074e+00 
3.49399e-02 7.14810e+00 
3.49936e-02 7.14705e+00 
3.50473e-02 7.14429e+00 
3.51012e-02 7.14280e+00 
3.51551e-02 7.14164e+00 
3.52091e-02 7.13872e+00 
3.52632e-02 7.13704e+00 
3.53173e-02 7.13534e+00 
3.53716e-02 7.13360e+00 
3.54259e-02 7.13184e+00 
3.54804e-02 7.13002e+00 
3.55349e-02 7.12820e+00 
3.55895e-02 7.12632e+00 
3.56441e-02 7.12438e+00 
3.56989e-02 7.12229e+00 
3.57537e-02 7.11985e+00 
3.58087e-02 7.11905e+00 
3.58637e-02 7.11689e+00 
3.59188e-02 7.11427e+00 
3.59739e-02 7.11330e+00 
3.60292e-02 7.11054e+00 
3.60845e-02 7.10912e+00 
3.61400e-02 7.10800e+00 
3.61955e-02 7.10511e+00 
3.62511e-02 7.10348e+00 
3.63068e-02 7.10181e+00 
3.63626e-02 7.10015e+00 
3.64184e-02 7.09853e+00 
3.64744e-02 7.09709e+00 
3.65304e-02 7.09357e+00 
3.65865e-02 7.09303e+00 
3.66427e-02 7.09115e+00 
3.66990e-02 7.08924e+00 
3.67554e-02 7.08718e+00 
3.68119e-02 7.08472e+00 
3.68684e-02 7.08398e+00 
3.69250e-02 7.08184e+00 
3.69818e-02 7.07924e+00 
3.70386e-02 7.07826e+00 
3.70955e-02 7.07552e+00 
3.71525e-02 7.07414e+00 
3.72095e-02 7.07309e+00 
3.72667e-02 7.07023e+00 
3.73239e-02 7.06869e+00 
3.73813e-02 7.06714e+00 
3.74387e-02 7.06595e+00 
3.74962e-02 7.06293e+00 
3.75538e-02 7.06115e+00 
3.76115e-02 7.05933e+00 
3.76693e-02 7.05737e+00 
3.77272e-02 7.05504e+00 
3.77851e-02 7.05445e+00 
3.78432e-02 7.05250e+00 
3.79013e-02 7.05042e+00 
3.79595e-02 7.04793e+00 
3.80178e-02 7.04707e+00 
3.80762e-02 7.04453e+00 
3.81347e-02 7.04361e+00 
3.81933e-02 7.04100e+00 
3.82520e-02 7.03997e+00 
3.83108e-02 7.03721e+00 
3.83696e-02 7.03575e+00 
3.84285e-02 7.03465e+00 
3.84876e-02 7.03172e+00 
3.85467e-02 7.03004e+00 
3.86059e-02 7.02836e+00 
3.86652e-02 7.02663e+00 
3.87246e-02 7.02486e+00 
3.87841e-02 7.02306e+00 
3.88437e-02 7.02119e+00 
3.89034e-02 7.01921e+00 
3.89631e-02 7.01684e+00 
3.90230e-02 7.01617e+00 
3.90829e-02 7.01412e+00 
3.91430e-02 7.01162e+00 
3.92031e-02 7.01085e+00 
3.92633e-02 7.00863e+00 
3.93236e-02 7.00597e+00 
3.93841e-02 7.00460e+00 
3.94446e-02 7.00357e+00 
3.95051e-02 7.00082e+00 
3.95658e-02 6.99938e+00 
3.96266e-02 6.99823e+00 
3.96875e-02 6.99530e+00 
3.97485e-02 6.99362e+00 
3.98095e-02 6.99192e+00 
3.98707e-02 6.99017e+00 
3.99319e-02 6.98840e+00 
3.99933e-02 6.98655e+00 
4.00547e-02 6.98460e+00 
4.01162e-02 6.98229e+00 
4.01779e-02 6.98165e+00 
4.02396e-02 6.97969e+00 
4.03014e-02 6.97760e+00 
4.03633e-02 6.97510e+00 
4.04253e-02 6.97425e+00 
4.04874e-02 6.97168e+00 
4.05496e-02 6.97072e+00 
4.06119e-02 6.96808e+00 
4.06743e-02 6.96703e+00 
4.07368e-02 6.96419e+00 
4.07994e-02 6.96263e+00 
4.08620e-02 6.96109e+00 
4.09248e-02 6.95957e+00 
4.09877e-02 6.95836e+00 
4.10506e-02 6.95537e+00 
4.11137e-02 6.95355e+00 
4.11769e-02 6.95164e+00 
4.12401e-02 6.94938e+00 
4.13035e-02 6.94883e+00 
4.13669e-02 6.94698e+00 
4.14305e-02 6.94503e+00 
4.14941e-02 6.94296e+00 
4.15579e-02 6.94049e+00 
4.16217e-02 6.93965e+00 
4.16856e-02 6.93712e+00 
4.17497e-02 6.93622e+00 
4.18138e-02 6.93362e+00 
4.18781e-02 6.93264e+00 
4.19424e-02 6.92998e+00 
4.20068e-02 6.92888e+00 
4.20714e-02 6.92599e+00 
4.21360e-02 6.92439e+00 
4.22007e-02 6.92273e+00 
4.22655e-02 6.92108e+00 
4.23305e-02 6.91936e+00 
4.23955e-02 6.91764e+00 
4.24606e-02 6.91589e+00 
4.25259e-02 6.91409e+00 
4.25912e-02 6.91227e+00 
4.26566e-02 6.91037e+00 
4.27221e-02 6.90834e+00 
4.27878e-02 6.90594e+00 
4.28535e-02 6.90522e+00 
4.29193e-02 6.90309e+00 
4.29853e-02 6.90057e+00 
4.30513e-02 6.89965e+00 
4.31174e-02 6.89705e+00 
4.31837e-02 6.89605e+00 
4.32500e-02 6.89329e+00 
4.33164e-02 6.89187e+00 
4.33830e-02 6.89076e+00 
4.34496e-02 6.88787e+00 
4.35164e-02 6.88623e+00 
4.35832e-02 6.88458e+00 
4.36502e-02 6.88288e+00 
4.37172e-02 6.88116e+00 
4.37844e-02 6.87941e+00 
4.38517e-02 6.87764e+00 
4.39190e-02 6.87584e+00 
4.39865e-02 6.87397e+00 
4.40541e-02 6.87205e+00 
4.41217e-02 6.87002e+00 
4.41895e-02 6.86758e+00 
4.42574e-02 6.86685e+00 
4.43254e-02 6.86469e+00 
4.43935e-02 6.86213e+00 
4.44617e-02 6.86121e+00 
4.45300e-02 6.85857e+00 
4.45984e-02 6.85753e+00 
4.46669e-02 6.85472e+00 
4.47355e-02 6.85322e+00 
4.48042e-02 6.85175e+00 
4.48731e-02 6.85056e+00 
4.49420e-02 6.84765e+00 
4.50111e-02 6.84593e+00 
4.50802e-02 6.84422e+00 
4.51494e-02 6.84251e+00 
4.52188e-02 6.84072e+00 
4.52883e-02 6.83890e+00 
4.53578e-02 6.83704e+00 
4.54275e-02 6.83511e+00 
4.54973e-02 6.83309e+00 
4.55672e-02 6.83066e+00 
4.56372e-02 6.82991e+00 
4.57073e-02 6.82777e+00 
4.57775e-02 6.82523e+00 
4.58478e-02 6.82432e+00 
4.59183e-02 6.82168e+00 
4.59888e-02 6.82068e+00 
4.60595e-02 6.81792e+00 
4.61302e-02 6.81649e+00 
4.62011e-02 6.81538e+00 
4.62721e-02 6.81251e+00 
4.63431e-02 6.81092e+00 
4.64143e-02 6.80939e+00 
4.64856e-02 6.80813e+00 
4.65571e-02 6.80508e+00 
4.66286e-02 6.80329e+00 
4.67002e-02 6.80143e+00 
4.67719e-02 6.79947e+00 
4.68438e-02 6.79712e+00 
4.69158e-02 6.79649e+00 
4.69878e-02 6.79455e+00 
4.70600e-02 6.79246e+00 
4.71323e-02 6.78999e+00 
4.72047e-02 6.78922e+00 
4.72772e-02 6.78706e+00 
4.73499e-02 6.78445e+00 
4.74226e-02 6.78347e+00 
4.74954e-02 6.78083e+00 
4.75684e-02 6.77975e+00 
4.76415e-02 6.77695e+00 
4.77147e-02 6.77546e+00 
4.77880e-02 6.77429e+00 
4.78614e-02 6.77134e+00 
4.79349e-02 6.76964e+00 
4.80085e-02 6.76793e+00 
4.80823e-02 6.76617e+00 
4.81562e-02 6.76438e+00 
4.82301e-02 6.76258e+00 
4.83042e-02 6.76074e+00 
4.83784e-02 6.75884e+00 
4.84528e-02 6.75689e+00 
4.85272e-02 6.75483e+00 
4.86017e-02 6.75238e+00 
4.86764e-02 6.75163e+00 
4.87512e-02 6.74947e+00 
4.88261e-02 6.74692e+00 
4.89011e-02 6.74607e+00 
4.89762e-02 6.74377e+00 
4.90514e-02 6.74101e+00 
4.91268e-02 6.73958e+00 
4.92023e-02 6.73849e+00 
4.92778e-02 6.73565e+00 
4.93535e-02 6.73413e+00 
4.94294e-02 6.73292e+00 
4.95053e-02 6.72993e+00 
4.95813e-02 6.72820e+00 
4.96575e-02 6.72644e+00 
4.97338e-02 6.72464e+00 
4.98102e-02 6.72284e+00 
4.98867e-02 6.72099e+00 
4.99633e-02 6.71911e+00 
5.00401e-02 6.71719e+00 
5.01170e-02 6.71519e+00 
5.01940e-02 6.71307e+00 
5.02711e-02 6.71060e+00 
5.03483e-02 6.70980e+00 
5.04256e-02 6.70760e+00 
5.05031e-02 6.70497e+00 
5.05807e-02 6.70400e+00 
5.06584e-02 6.70134e+00 
5.07362e-02 6.70029e+00 
5.08142e-02 6.69754e+00 
5.08922e-02 6.69639e+00 
5.09704e-02 6.69349e+00 
5.10487e-02 6.69185e+00 
5.11271e-02 6.69027e+00 
5.12057e-02 6.68900e+00 
5.12843e-02 6.68594e+00 
5.13631e-02 6.68414e+00 
5.14420e-02 6.68230e+00 
5.15210e-02 6.68044e+00 
5.16002e-02 6.67852e+00 
5.16794e-02 6.67655e+00 
5.17588e-02 6.67446e+00 
5.18383e-02 6.67202e+00 
5.19180e-02 6.67125e+00 
5.19977e-02 6.66918e+00 
5.20776e-02 6.66695e+00 
5.21576e-02 6.66434e+00 
5.22377e-02 6.66335e+00 
5.23180e-02 6.66067e+00 
5.23984e-02 6.65961e+00 
5.24789e-02 6.65687e+00 
5.25595e-02 6.65571e+00 
5.26402e-02 6.65284e+00 
5.27211e-02 6.65126e+00 
5.28021e-02 6.65000e+00 
5.28832e-02 6.64697e+00 
5.29644e-02 6.64520e+00 
5.30458e-02 6.64339e+00 
5.31273e-02 6.64156e+00 
5.32089e-02 6.63972e+00 
5.32906e-02 6.63783e+00 
5.33725e-02 6.63593e+00 
5.34545e-02 6.63398e+00 
5.35366e-02 6.63199e+00 
5.36189e-02 6.62992e+00 
5.37012e-02 6.62775e+00 
5.37837e-02 6.62520e+00 
5.38663e-02 6.62433e+00 
5.39491e-02 6.62206e+00 
5.40320e-02 6.61937e+00 
5.41150e-02 6.61833e+00 
5.41981e-02 6.61560e+00 
5.42814e-02 6.61448e+00 
5.43647e-02 6.61168e+00 
5.44483e-02 6.61045e+00 
5.45319e-02 6.60749e+00 
5.46157e-02 6.60577e+00 
5.46996e-02 6.60414e+00 
5.47836e-02 6.60280e+00 
5.48678e-02 6.59968e+00 
5.49521e-02 6.59780e+00 
5.50365e-02 6.59591e+00 
5.51210e-02 6.59398e+00 
5.52057e-02 6.59200e+00 
5.52905e-02 6.58996e+00 
5.53754e-02 6.58782e+00 
5.54605e-02 6.58530e+00 
5.55457e-02 6.58449e+00 
5.56310e-02 6.58234e+00 
5.57165e-02 6.58006e+00 
5.58021e-02 6.57739e+00 
5.58878e-02 6.57634e+00 
5.59737e-02 6.57361e+00 
5.60597e-02 6.57251e+00 
5.61458e-02 6.56972e+00 
5.62320e-02 6.56856e+00 
5.63184e-02 6.56569e+00 
5.64049e-02 6.56441e+00 
5.64916e-02 6.56136e+00 
5.65784e-02 6.55957e+00 
5.66653e-02 6.55781e+00 
5.67523e-02 6.55607e+00 
5.68395e-02 6.55465e+00 
5.69268e-02 6.55143e+00 
5.70143e-02 6.54944e+00 
5.71019e-02 6.54740e+00 
5.71896e-02 6.54526e+00 
5.72774e-02 6.54277e+00 
5.73654e-02 6.54197e+00 
5.74535e-02 6.53986e+00 
5.75418e-02 6.53768e+00 
5.76302e-02 6.53538e+00 
5.77187e-02 6.53267e+00 
5.78074e-02 6.53159e+00 
5.78962e-02 6.52884e+00 
5.79851e-02 6.52771e+00 
5.80742e-02 6.52489e+00 
5.81634e-02 6.52371e+00 
5.82528e-02 6.52082e+00 
5.83423e-02 6.51952e+00 
5.84319e-02 6.51646e+00 
5.85217e-02 6.51468e+00 
5.86116e-02 6.51296e+00 
5.87016e-02 6.51154e+00 
5.87918e-02 6.50836e+00 
5.88821e-02 6.50639e+00 
5.89726e-02 6.50441e+00 
5.90631e-02 6.50242e+00 
5.91539e-02 6.50035e+00 
5.92448e-02 6.49824e+00 
5.93358e-02 6.49601e+00 
5.94269e-02 6.49344e+00 
5.95182e-02 6.49255e+00 
5.96096e-02 6.49035e+00 
5.97012e-02 6.48801e+00 
5.97929e-02 6.48529e+00 
5.98848e-02 6.48425e+00 
5.99768e-02 6.48181e+00 
6.00689e-02 6.47894e+00 
6.01612e-02 6.47768e+00 
6.02536e-02 6.47468e+00 
6.03462e-02 6.47302e+00 
6.04389e-02 6.47168e+00 
6.05317e-02 6.46858e+00 
6.06247e-02 6.46674e+00 
6.07178e-02 6.46497e+00 
6.08111e-02 6.46351e+00 
6.09045e-02 6.46026e+00 
6.09981e-02 6.45825e+00 
6.10918e-02 6.45622e+00 
6.11857e-02 6.45416e+00 
6.12796e-02 6.45205e+00 
6.13738e-02 6.44987e+00 
6.14681e-02 6.44760e+00 
6.15625e-02 6.44496e+00 
6.16571e-02 6.44401e+00 
6.17518e-02 6.44174e+00 
6.18466e-02 6.43934e+00 
6.19417e-02 6.43650e+00 
6.20368e-02 6.43533e+00 
6.21321e-02 6.43247e+00 
6.22276e-02 6.43121e+00 
6.23232e-02 6.42828e+00 
6.24189e-02 6.42696e+00 
6.25148e-02 6.42389e+00 
6.26108e-02 6.42213e+00 
6.27070e-02 6.42070e+00 
6.28033e-02 6.41751e+00 
6.28998e-02 6.41557e+00 
6.29964e-02 6.41364e+00 
6.30932e-02 6.41174e+00 
6.31901e-02 6.41015e+00 
6.32872e-02 6.40673e+00 
6.33844e-02 6.40449e+00 
6.34818e-02 6.40188e+00 
6.35793e-02 6.40101e+00 
6.36770e-02 6.39883e+00 
6.37748e-02 6.39659e+00 
6.38728e-02 6.39427e+00 
6.39709e-02 6.39184e+00 
6.40692e-02 6.38901e+00 
6.41676e-02 6.38780e+00 
6.42662e-02 6.38493e+00 
6.43649e-02 6.38368e+00 
6.44638e-02 6.38074e+00 
6.45628e-02 6.37943e+00 
6.46620e-02 6.37642e+00 
6.47613e-02 6.37503e+00 
6.48608e-02 6.37186e+00 
6.49604e-02 6.37003e+00 
6.50602e-02 6.36853e+00 
6.51602e-02 6.36522e+00 
6.52603e-02 6.36318e+00 
6.53605e-02 6.36112e+00 
6.54609e-02 6.35903e+00 
6.55615e-02 6.35690e+00 
6.56622e-02 6.35475e+00 
6.57631e-02 6.35257e+00 
6.58641e-02 6.35035e+00 
6.59653e-02 6.34805e+00 
6.60666e-02 6.34566e+00 
6.61681e-02 6.34288e+00 
6.62698e-02 6.34177e+00 
6.63716e-02 6.33929e+00 
6.64735e-02 6.33643e+00 
6.65757e-02 6.33525e+00 
6.66779e-02 6.33267e+00 
6.67804e-02 6.32966e+00 
6.68829e-02 6.32825e+00 
6.69857e-02 6.32510e+00 
6.70886e-02 6.32328e+00 
6.71917e-02 6.32179e+00 
6.72949e-02 6.31853e+00 
6.73983e-02 6.31655e+00 
6.75018e-02 6.31463e+00 
6.76055e-02 6.31302e+00 
6.77093e-02 6.30962e+00 
6.78134e-02 6.30746e+00 
6.79175e-02 6.30527e+00 
6.80219e-02 6.30303e+00 
6.81264e-02 6.30074e+00 
6.82310e-02 6.29835e+00 
6.83358e-02 6.29559e+00 
6.84408e-02 6.29453e+00 
6.85460e-02 6.29214e+00 
6.86513e-02 6.28964e+00 
6.87567e-02 6.28676e+00 
6.88623e-02 6.28556e+00 
6.89681e-02 6.28295e+00 
6.90741e-02 6.27992e+00 
6.91802e-02 6.27853e+00 
6.92865e-02 6.27545e+00 
6.93929e-02 6.27397e+00 
6.94995e-02 6.27074e+00 
6.96063e-02 6.26881e+00 
6.97132e-02 6.26723e+00 
6.98203e-02 6.26387e+00 
6.99276e-02 6.26173e+00 
7.00350e-02 6.25960e+00 
7.01426e-02 6.25744e+00 
7.02503e-02 6.25525e+00 
7.03582e-02 6.25305e+00 
7.04663e-02 6.25080e+00 
7.05746e-02 6.24854e+00 
7.06830e-02 6.24623e+00 
7.07916e-02 6.24388e+00 
7.09003e-02 6.24147e+00 
7.10092e-02 6.23894e+00 
7.11183e-02 6.23602e+00 
7.12276e-02 6.23479e+00 
7.13370e-02 6.23217e+00 
7.14466e-02 6.22914e+00 
7.15563e-02 6.22774e+00 
7.16663e-02 6.22464e+00 
7.17764e-02 6.22319e+00 
7.18866e-02 6.22003e+00 
7.19971e-02 6.21847e+00 
7.21077e-02 6.21518e+00 
7.22184e-02 6.21319e+00 
7.23294e-02 6.21153e+00 
7.24405e-02 6.20809e+00 
7.25518e-02 6.20590e+00 
7.26632e-02 6.20368e+00 
7.27748e-02 6.20145e+00 
7.28866e-02 6.19918e+00 
7.29986e-02 6.19689e+00 
7.31107e-02 6.19457e+00 
7.32231e-02 6.19220e+00 
7.33355e-02 6.18980e+00 
7.34482e-02 6.18733e+00 
7.35610e-02 6.18474e+00 
7.36740e-02 6.18177e+00 
7.37872e-02 6.18050e+00 
7.39006e-02 6.17781e+00 
7.40141e-02 6.17473e+00 
7.41278e-02 6.17327e+00 
7.42417e-02 6.17013e+00 
7.43557e-02 6.16862e+00 
7.44700e-02 6.16541e+00 
7.45844e-02 6.16380e+00 
7.46989e-02 6.16044e+00 
7.48137e-02 6.15840e+00 
7.49286e-02 6.15669e+00 
7.50437e-02 6.15319e+00 
7.51590e-02 6.15093e+00 
7.52745e-02 6.14867e+00 
7.53901e-02 6.14638e+00 
7.55059e-02 6.14405e+00 
7.56219e-02 6.14170e+00 
7.57381e-02 6.13933e+00 
7.58544e-02 6.13691e+00 
7.59709e-02 6.13445e+00 
7.60877e-02 6.13191e+00 
7.62045e-02 6.12928e+00 
7.63216e-02 6.12625e+00 
7.64389e-02 6.12490e+00 
7.65563e-02 6.12217e+00 
7.66739e-02 6.11903e+00 
7.67917e-02 6.11751e+00 
7.69096e-02 6.11432e+00 
7.70278e-02 6.11273e+00 
7.71461e-02 6.10946e+00 
7.72646e-02 6.10776e+00 
7.73833e-02 6.10433e+00 
7.75022e-02 6.10216e+00 
7.76213e-02 6.10004e+00 
7.77405e-02 6.09825e+00 
7.78599e-02 6.09466e+00 
7.79795e-02 6.09234e+00 
7.80993e-02 6.08998e+00 
7.82193e-02 6.08760e+00 
7.83395e-02 6.08518e+00 
7.84598e-02 6.08273e+00 
7.85803e-02 6.08024e+00 
7.87011e-02 6.07764e+00 
7.88220e-02 6.07509e+00 
7.89430e-02 6.07263e+00 
7.90643e-02 6.07010e+00 
7.91858e-02 6.06765e+00 
7.93074e-02 6.06516e+00 
7.94292e-02 6.06258e+00 
7.95513e-02 6.06005e+00 
7.96735e-02 6.05765e+00 
7.97959e-02 6.05501e+00 
7.99185e-02 6.05262e+00 
8.00412e-02 6.05001e+00 
8.01642e-02 6.04745e+00 
8.02873e-02 6.04499e+00 
8.04107e-02 6.04248e+00 
8.05342e-02 6.03989e+00 
8.06579e-02 6.03739e+00 
8.07818e-02 6.03480e+00 
8.09059e-02 6.03229e+00 
8.10302e-02 6.02971e+00 
8.11547e-02 6.02722e+00 
8.12794e-02 6.02469e+00 
8.14042e-02 6.02207e+00 
8.15293e-02 6.01950e+00 
8.16545e-02 6.01706e+00 
8.17800e-02 6.01437e+00 
8.19056e-02 6.01193e+00 
8.20314e-02 6.00928e+00 
8.21574e-02 6.00669e+00 
8.22836e-02 6.00417e+00 
8.24100e-02 6.00163e+00 
8.25366e-02 5.99899e+00 
8.26634e-02 5.99644e+00 
8.27904e-02 5.99381e+00 
8.29176e-02 5.99126e+00 
8.30450e-02 5.98863e+00 
8.31726e-02 5.98609e+00 
8.33003e-02 5.98352e+00 
8.34283e-02 5.98085e+00 
8.35564e-02 5.97824e+00 
8.36848e-02 5.97574e+00 
8.38134e-02 5.97301e+00 
8.39421e-02 5.97053e+00 
8.40711e-02 5.96783e+00 
8.42002e-02 5.96519e+00 
8.43296e-02 5.96263e+00 
8.44591e-02 5.96002e+00 
8.45889e-02 5.95733e+00 
8.47188e-02 5.95470e+00 
8.48490e-02 5.95217e+00 
8.49793e-02 5.94943e+00 
8.51098e-02 5.94692e+00 
8.52406e-02 5.94420e+00 
8.53715e-02 5.94153e+00 
8.55027e-02 5.93895e+00 
8.56340e-02 5.93632e+00 
8.57656e-02 5.93361e+00 
8.58973e-02 5.93100e+00 
8.60293e-02 5.92828e+00 
8.61615e-02 5.92566e+00 
8.62938e-02 5.92297e+00 
8.64264e-02 5.92037e+00 
8.65591e-02 5.91771e+00 
8.66921e-02 5.91498e+00 
8.68253e-02 5.91233e+00 
8.69587e-02 5.90959e+00 
8.70923e-02 5.90691e+00 
8.72261e-02 5.90435e+00 
8.73601e-02 5.90157e+00 
8.74943e-02 5.89884e+00 
8.76287e-02 5.89621e+00 
8.77633e-02 5.89352e+00 
8.78981e-02 5.89075e+00 
8.80331e-02 5.88804e+00 
8.81684e-02 5.88540e+00 
8.83038e-02 5.88274e+00 
8.84395e-02 5.88002e+00 
8.85753e-02 5.87718e+00 
8.87114e-02 5.87460e+00 
8.88477e-02 5.87179e+00 
8.89842e-02 5.86904e+00 
8.91209e-02 5.86638e+00 
8.92578e-02 5.86368e+00 
8.93949e-02 5.86089e+00 
8.95322e-02 5.85818e+00 
8.96698e-02 5.85541e+00 
8.98075e-02 5.85271e+00 
8.99455e-02 5.84995e+00 
9.00836e-02 5.84710e+00 
9.02220e-02 5.84449e+00 
9.03606e-02 5.84167e+00 
9.04994e-02 5.83893e+00 
9.06385e-02 5.83612e+00 
9.07777e-02 5.83338e+00 
9.09172e-02 5.83056e+00 
9.10568e-02 5.82782e+00 
9.11967e-02 5.82500e+00 
9.13368e-02 5.82226e+00 
9.14771e-02 5.81946e+00 
9.16176e-02 5.81674e+00 
9.17584e-02 5.81396e+00 
9.18993e-02 5.81112e+00 
9.20405e-02 5.80836e+00 
9.21819e-02 5.80550e+00 
9.23235e-02 5.80274e+00 
9.24654e-02 5.79989e+00 
9.26074e-02 5.79714e+00 
9.27497e-02 5.79433e+00 
9.28921e-02 5.79144e+00 
9.30348e-02 5.78859e+00 
9.31778e-02 5.78583e+00 
9.33209e-02 5.78303e+00 
9.34643e-02 5.78014e+00 
9.36078e-02 5.77734e+00 
9.37516e-02 5.77446e+00 
9.38957e-02 5.77165e+00 
9.40399e-02 5.76876e+00 
9.41844e-02 5.76595e+00 
9.43291e-02 5.76308e+00 
9.44740e-02 5.76029e+00 
9.46191e-02 5.75745e+00 
9.47645e-02 5.75453e+00 
9.49100e-02 5.75170e+00 
9.50558e-02 5.74878e+00 
9.52019e-02 5.74594e+00 
9.53481e-02 5.74301e+00 
9.54946e-02 5.74017e+00 
9.56413e-02 5.73725e+00 
9.57882e-02 5.73442e+00 
9.59354e-02 5.73154e+00 
9.60827e-02 5.72858e+00 
9.62303e-02 5.72565e+00 
9.63782e-02 5.72282e+00 
9.65262e-02 5.71994e+00 
9.66745e-02 5.71698e+00 
9.68230e-02 5.71410e+00 
9.69718e-02 5.71112e+00 
9.71207e-02 5.70825e+00 
9.72699e-02 5.70528e+00 
9.74193e-02 5.70240e+00 
9.75690e-02 5.69944e+00 
9.77189e-02 5.69656e+00 
9.78690e-02 5.69365e+00 
9.80193e-02 5.69064e+00 
9.81699e-02 5.68772e+00 
9.83207e-02 5.68470e+00 
9.84718e-02 5.68173e+00 
9.86230e-02 5.67886e+00 
9.87746e-02 5.67594e+00 
9.89263e-02 5.67297e+00 
9.90783e-02 5.66988e+00 
9.92305e-02 5.66704e+00 
9.93829e-02 5.66398e+00 
9.95356e-02 5.66097e+00 
9.96885e-02 5.65803e+00 
9.98416e-02 5.65503e+00 
9.99950e-02 5.65214e+00 
1.00149e-01 5.64897e+00 
1.00302e-01 5.64610e+00 
1.00457e-01 5.64307e+00 
1.00611e-01 5.64003e+00 
1.00765e-01 5.63709e+00 
1.00920e-01 5.63402e+00 
1.01075e-01 5.63104e+00 
1.01231e-01 5.62793e+00 
1.01386e-01 5.62498e+00 
1.01542e-01 5.62190e+00 
1.01698e-01 5.61892e+00 
1.01854e-01 5.61591e+00 
1.02010e-01 5.61282e+00 
1.02167e-01 5.60974e+00 
1.02324e-01 5.60676e+00 
1.02481e-01 5.60374e+00 
1.02639e-01 5.60059e+00 
1.02796e-01 5.59760e+00 
1.02954e-01 5.59448e+00 
1.03113e-01 5.59139e+00 
1.03271e-01 5.58830e+00 
1.03430e-01 5.58524e+00 
1.03588e-01 5.58215e+00 
1.03748e-01 5.57907e+00 
1.03907e-01 5.57595e+00 
1.04067e-01 5.57288e+00 
1.04226e-01 5.56980e+00 
1.04387e-01 5.56671e+00 
1.04547e-01 5.56364e+00 
1.04708e-01 5.56043e+00 
1.04868e-01 5.55734e+00 
1.05029e-01 5.55429e+00 
1.05191e-01 5.55117e+00 
1.05352e-01 5.54802e+00 
1.05514e-01 5.54490e+00 
1.05676e-01 5.54172e+00 
1.05839e-01 5.53857e+00 
1.06001e-01 5.53540e+00 
1.06164e-01 5.53224e+00 
1.06327e-01 5.52922e+00 
1.06491e-01 5.52589e+00 
1.06654e-01 5.52290e+00 
1.06818e-01 5.51964e+00 
1.06982e-01 5.51643e+00 
1.07146e-01 5.51332e+00 
1.07311e-01 5.51008e+00 
1.07476e-01 5.50694e+00 
1.07641e-01 5.50373e+00 
1.07806e-01 5.50062e+00 
1.07972e-01 5.49742e+00 
1.08138e-01 5.49414e+00 
1.08304e-01 5.49091e+00 
1.08470e-01 5.48779e+00 
1.08637e-01 5.48459e+00 
1.08804e-01 5.48131e+00 
1.08971e-01 5.47811e+00 
1.09138e-01 5.47484e+00 
1.09306e-01 5.47157e+00 
1.09474e-01 5.46840e+00 
1.09642e-01 5.46520e+00 
1.09811e-01 5.46188e+00 
1.09979e-01 5.45871e+00 
1.10148e-01 5.45540e+00 
1.10317e-01 5.45219e+00 
1.10487e-01 5.44885e+00 
1.10657e-01 5.44560e+00 
1.10827e-01 5.44229e+00 
1.10997e-01 5.43907e+00 
1.11167e-01 5.43576e+00 
1.11338e-01 5.43250e+00 
1.11509e-01 5.42918e+00 
1.11680e-01 5.42594e+00 
1.11852e-01 5.42258e+00 
1.12024e-01 5.41930e+00 
1.12196e-01 5.41597e+00 
1.12368e-01 5.41272e+00 
1.12541e-01 5.40934e+00 
1.12714e-01 5.40608e+00 
1.12887e-01 5.40277e+00 
1.13060e-01 5.39938e+00 
1.13234e-01 5.39599e+00 
1.13408e-01 5.39270e+00 
1.13582e-01 5.38933e+00 
1.13757e-01 5.38602e+00 
1.13931e-01 5.38271e+00 
1.14106e-01 5.37927e+00 
1.14282e-01 5.37584e+00 
1.14457e-01 5.37255e+00 
1.14633e-01 5.36914e+00 
1.14809e-01 5.36583e+00 
1.14986e-01 5.36244e+00 
1.15162e-01 5.35900e+00 
1.15339e-01 5.35557e+00 
1.15516e-01 5.35223e+00 
1.15694e-01 5.34877e+00 
1.15872e-01 5.34542e+00 
1.16050e-01 5.34202e+00 
1.16228e-01 5.33855e+00 
1.16406e-01 5.33512e+00 
1.16585e-01 5.33175e+00 
1.16764e-01 5.32834e+00 
1.16944e-01 5.32480e+00 
1.17123e-01 5.32135e+00 
1.17303e-01 5.31795e+00 
1.17483e-01 5.31449e+00 
1.17664e-01 5.31107e+00 
1.17845e-01 5.30762e+00 
1.18026e-01 5.30407e+00 
1.18207e-01 5.30058e+00 
1.18389e-01 5.29714e+00 
1.18571e-01 5.29362e+00 
1.18753e-01 5.29021e+00 
1.18935e-01 5.28674e+00 
1.19118e-01 5.28316e+00 
1.19301e-01 5.27962e+00 
1.19484e-01 5.27617e+00 
1.19668e-01 5.27260e+00 
1.19851e-01 5.26918e+00 
1.20036e-01 5.26558e+00 
1.20220e-01 5.26213e+00 
1.20405e-01 5.25859e+00 
1.20590e-01 5.25493e+00 
1.20775e-01 5.25153e+00 
1.20960e-01 5.24792e+00 
1.21146e-01 5.24432e+00 
1.21332e-01 5.24081e+00 
1.21519e-01 5.23717e+00 
1.21705e-01 5.23367e+00 
1.21892e-01 5.23006e+00 
1.22080e-01 5.22647e+00 
1.22267e-01 5.22286e+00 
1.22455e-01 5.21926e+00 
1.22643e-01 5.21578e+00 
1.22831e-01 5.21206e+00 
1.23020e-01 5.20852e+00 
1.23209e-01 5.20494e+00 
1.23398e-01 5.20128e+00 
1.23588e-01 5.19767e+00 
1.23778e-01 5.19397e+00 
1.23968e-01 5.19032e+00 
1.24158e-01 5.18678e+00 
1.24349e-01 5.18315e+00 
1.24540e-01 5.17942e+00 
1.24732e-01 5.17571e+00 
1.24923e-01 5.17214e+00 
1.25115e-01 5.16845e+00 
1.25307e-01 5.16484e+00 
1.25500e-01 5.16116e+00 
1.25693e-01 5.15739e+00 
1.25886e-01 5.15367e+00 
1.26079e-01 5.15003e+00 
1.26273e-01 5.14628e+00 
1.26467e-01 5.14261e+00 
1.26661e-01 5.13887e+00 
1.26856e-01 5.13513e+00 
1.27050e-01 5.13156e+00 
1.27246e-01 5.12767e+00 
1.27441e-01 5.12403e+00 
1.27637e-01 5.12031e+00 
1.27833e-01 5.11650e+00 
1.28029e-01 5.11276e+00 
1.28226e-01 5.10906e+00 
1.28423e-01 5.10532e+00 
1.28620e-01 5.10149e+00 
1.28818e-01 5.09767e+00 
1.29016e-01 5.09394e+00 
1.29214e-01 5.09013e+00 
1.29412e-01 5.08641e+00 
1.29611e-01 5.08256e+00 
1.29810e-01 5.07881e+00 
1.30010e-01 5.07493e+00 
1.30209e-01 5.07114e+00 
1.30409e-01 5.06744e+00 
1.30610e-01 5.06345e+00 
1.30810e-01 5.05972e+00 
1.31011e-01 5.05590e+00 
1.31213e-01 5.05192e+00 
1.31414e-01 5.04824e+00 
1.31616e-01 5.04432e+00 
1.31818e-01 5.04043e+00 
1.32021e-01 5.03659e+00 
1.32224e-01 5.03268e+00 
1.32427e-01 5.02885e+00 
1.32630e-01 5.02493e+00 
1.32834e-01 5.02102e+00 
1.33038e-01 5.01721e+00 
1.33242e-01 5.01335e+00 
1.33447e-01 5.00937e+00 
1.33652e-01 5.00543e+00 
1.33857e-01 5.00158e+00 
1.34063e-01 4.99761e+00 
1.34269e-01 4.99373e+00 
1.34475e-01 4.98977e+00 
1.34682e-01 4.98585e+00 
1.34889e-01 4.98184e+00 
1.35096e-01 4.97789e+00 
1.35303e-01 4.97404e+00 
1.35511e-01 4.97009e+00 
1.35719e-01 4.96605e+00 
1.35928e-01 4.96203e+00 
1.36137e-01 4.95810e+00 
1.36346e-01 4.95408e+00 
1.36555e-01 4.95014e+00 
1.36765e-01 4.94608e+00 
1.36975e-01 4.94207e+00 
1.37186e-01 4.93812e+00 
1.37396e-01 4.93415e+00 
1.37607e-01 4.93007e+00 
1.37819e-01 4.92599e+00 
1.38031e-01 4.92199e+00 
1.38243e-01 4.91791e+00 
1.38455e-01 4.91391e+00 
1.38668e-01 4.90979e+00 
1.38881e-01 4.90572e+00 
1.39094e-01 4.90173e+00 
1.39308e-01 4.89762e+00 
1.39522e-01 4.89361e+00 
1.39736e-01 4.88951e+00 
1.39951e-01 4.88545e+00 
1.40166e-01 4.88132e+00 
1.40381e-01 4.87726e+00 
1.40597e-01 4.87308e+00 
1.40813e-01 4.86895e+00 
1.41029e-01 4.86490e+00 
1.41246e-01 4.86073e+00 
1.41463e-01 4.85665e+00 
1.41680e-01 4.85248e+00 
1.41898e-01 4.84836e+00 
1.42116e-01 4.84416e+00 
1.42334e-01 4.83999e+00 
1.42553e-01 4.83587e+00 
1.42772e-01 4.83168e+00 
1.42991e-01 4.82756e+00 
1.43211e-01 4.82334e+00 
1.43431e-01 4.81918e+00 
1.43651e-01 4.81494e+00 
1.43872e-01 4.81071e+00 
1.44093e-01 4.80656e+00 
1.44314e-01 4.80233e+00 
1.44536e-01 4.79814e+00 
1.44758e-01 4.79387e+00 
1.44980e-01 4.78964e+00 
1.45203e-01 4.78547e+00 
1.45426e-01 4.78124e+00 
1.45649e-01 4.77688e+00 
1.45873e-01 4.77271e+00 
1.46097e-01 4.76849e+00 
1.46321e-01 4.76418e+00 
1.46546e-01 4.75988e+00 
1.46771e-01 4.75567e+00 
1.46997e-01 4.75134e+00 
1.47223e-01 4.74708e+00 
1.47449e-01 4.74275e+00 
1.47675e-01 4.73849e+00 
1.47902e-01 4.73411e+00 
1.48129e-01 4.72976e+00 
1.48357e-01 4.72544e+00 
1.48585e-01 4.72123e+00 
1.48813e-01 4.71677e+00 
1.49042e-01 4.71248e+00 
1.49271e-01 4.70811e+00 
1.49500e-01 4.70382e+00 
1.49730e-01 4.69941e+00 
1.49960e-01 4.69509e+00 
1.50190e-01 4.69066e+00 
1.50421e-01 4.68625e+00 
1.50652e-01 4.68192e+00 
1.50883e-01 4.67750e+00 
1.51115e-01 4.67309e+00 
1.51347e-01 4.66877e+00 
1.51580e-01 4.66437e+00 
1.51813e-01 4.65987e+00 
1.52046e-01 4.65541e+00 
1.52279e-01 4.65098e+00 
1.52513e-01 4.64661e+00 
1.52748e-01 4.64214e+00 
1.52982e-01 4.63776e+00 
1.53217e-01 4.63327e+00 
1.53453e-01 4.62883e+00 
1.53688e-01 4.62432e+00 
1.53924e-01 4.61983e+00 
1.54161e-01 4.61538e+00 
1.54398e-01 4.61084e+00 
1.54635e-01 4.60634e+00 
1.54872e-01 4.60192e+00 
1.55110e-01 4.59739e+00 
1.55349e-01 4.59290e+00 
1.55587e-01 4.58835e+00 
1.55826e-01 4.58382e+00 
1.56066e-01 4.57933e+00 
1.56305e-01 4.57479e+00 
1.56546e-01 4.57026e+00 
1.56786e-01 4.56566e+00 
1.57027e-01 4.56108e+00 
1.57268e-01 4.55658e+00 
1.57510e-01 4.55195e+00 
1.57752e-01 4.54737e+00 
1.57994e-01 4.54286e+00 
1.58237e-01 4.53824e+00 
1.58480e-01 4.53370e+00 
1.58723e-01 4.52905e+00 
1.58967e-01 4.52443e+00 
1.59211e-01 4.51988e+00 
1.59456e-01 4.51521e+00 
1.59701e-01 4.51062e+00 
1.59946e-01 4.50590e+00 
1.60192e-01 4.50139e+00 
1.60438e-01 4.49662e+00 
1.60684e-01 4.49205e+00 
1.60931e-01 4.48738e+00 
1.61179e-01 4.48275e+00 
1.61426e-01 4.47806e+00 
1.61674e-01 4.47342e+00 
1.61922e-01 4.46864e+00 
1.62171e-01 4.46408e+00 
1.62420e-01 4.45926e+00 
1.62670e-01 4.45462e+00 
1.62920e-01 4.44989e+00 
1.63170e-01 4.44524e+00 
1.63421e-01 4.44046e+00 
1.63672e-01 4.43572e+00 
1.63923e-01 4.43106e+00 
1.64175e-01 4.42626e+00 
1.64427e-01 4.42152e+00 
1.64680e-01 4.41683e+00 
1.64933e-01 4.41204e+00 
1.65186e-01 4.40733e+00 
1.65440e-01 4.40250e+00 
1.65694e-01 4.39769e+00 
1.65949e-01 4.39290e+00 
1.66203e-01 4.38822e+00 
1.66459e-01 4.38342e+00 
1.66715e-01 4.37850e+00 
1.66971e-01 4.37377e+00 
1.67227e-01 4.36896e+00 
1.67484e-01 4.36419e+00 
1.67741e-01 4.35933e+00 
1.67999e-01 4.35448e+00 
1.68257e-01 4.34971e+00 
1.68516e-01 4.34482e+00 
1.68774e-01 4.34002e+00 
1.69034e-01 4.33505e+00 
1.69293e-01 4.33030e+00 
1.69553e-01 4.32547e+00 
1.69814e-01 4.32052e+00 
1.70075e-01 4.31560e+00 
1.70336e-01 4.31072e+00 
1.70598e-01 4.30589e+00 
1.70860e-01 4.30097e+00 
1.71122e-01 4.29610e+00 
1.71385e-01 4.29109e+00 
1.71648e-01 4.28629e+00 
1.71912e-01 4.28141e+00 
1.72176e-01 4.27642e+00 
1.72441e-01 4.27144e+00 
1.72706e-01 4.26650e+00 
1.72971e-01 4.26163e+00 
1.73237e-01 4.25665e+00 
1.73503e-01 4.25174e+00 
1.73769e-01 4.24674e+00 
1.74036e-01 4.24173e+00 
1.74304e-01 4.23673e+00 
1.74571e-01 4.23184e+00 
1.74840e-01 4.22680e+00 
1.75108e-01 4.22182e+00 
1.75377e-01 4.21689e+00 
1.75647e-01 4.21184e+00 
1.75916e-01 4.20688e+00 
1.76187e-01 4.20174e+00 
1.76457e-01 4.19683e+00 
1.76728e-01 4.19184e+00 
1.77000e-01 4.18668e+00 
1.77272e-01 4.18174e+00 
1.77544e-01 4.17673e+00 
1.77817e-01 4.17156e+00 
1.78090e-01 4.16660e+00 
1.78364e-01 4.16155e+00 
1.78638e-01 4.15637e+00 
1.78912e-01 4.15139e+00 
1.79187e-01 4.14629e+00 
1.79462e-01 4.14126e+00 
1.79738e-01 4.13611e+00 
1.80014e-01 4.13098e+00 
1.80290e-01 4.12590e+00 
1.80567e-01 4.12086e+00 
1.80845e-01 4.11570e+00 
1.81123e-01 4.11057e+00 
1.81401e-01 4.10552e+00 
1.81680e-01 4.10034e+00 
1.81959e-01 4.09520e+00 
1.82238e-01 4.09012e+00 
1.82518e-01 4.08493e+00 
1.82798e-01 4.07976e+00 
1.83079e-01 4.07461e+00 
1.83361e-01 4.06950e+00 
1.83642e-01 4.06433e+00 
1.83924e-01 4.05919e+00 
1.84207e-01 4.05390e+00 
1.84490e-01 4.04881e+00 
1.84773e-01 4.04366e+00 
1.85057e-01 4.03834e+00 
1.85341e-01 4.03323e+00 
1.85626e-01 4.02800e+00 
1.85911e-01 4.02283e+00 
1.86197e-01 4.01751e+00 
1.86483e-01 4.01239e+00 
1.86769e-01 4.00721e+00 
1.87056e-01 4.00186e+00 
1.87344e-01 3.99670e+00 
1.87631e-01 3.99146e+00 
1.87920e-01 3.98625e+00 
1.88208e-01 3.98096e+00 
1.88498e-01 3.97565e+00 
1.88787e-01 3.97039e+00 
1.89077e-01 3.96517e+00 
1.89368e-01 3.95981e+00 
1.89658e-01 3.95470e+00 
1.89950e-01 3.94928e+00 
1.90242e-01 3.94406e+00 
1.90534e-01 3.93872e+00 
1.90827e-01 3.93341e+00 
1.91120e-01 3.92812e+00 
1.91413e-01 3.92290e+00 
1.91707e-01 3.91758e+00 
1.92002e-01 3.91229e+00 
1.92297e-01 3.90686e+00 
1.92592e-01 3.90163e+00 
1.92888e-01 3.89628e+00 
1.93184e-01 3.89101e+00 
1.93481e-01 3.88560e+00 
1.93778e-01 3.88022e+00 
1.94076e-01 3.87485e+00 
1.94374e-01 3.86950e+00 
1.94673e-01 3.86421e+00 
1.94972e-01 3.85882e+00 
1.95271e-01 3.85347e+00 
1.95571e-01 3.84815e+00 
1.95872e-01 3.84272e+00 
1.96173e-01 3.83731e+00 
1.96474e-01 3.83193e+00 
1.96776e-01 3.82660e+00 
1.97078e-01 3.82116e+00 
1.97381e-01 3.81573e+00 
1.97684e-01 3.81033e+00 
1.97988e-01 3.80499e+00 
1.98292e-01 3.79953e+00 
1.98597e-01 3.79409e+00 
1.98902e-01 3.78867e+00 
1.99207e-01 3.78332e+00 
1.99513e-01 3.77784e+00 
1.99820e-01 3.77238e+00 
2.00127e-01 3.76694e+00 
2.00434e-01 3.76158e+00 
2.00742e-01 3.75608e+00 
2.01050e-01 3.75062e+00 
2.01359e-01 3.74517e+00 
2.01669e-01 3.73976e+00 
2.01978e-01 3.73427e+00 
2.02289e-01 3.72876e+00 
2.02599e-01 3.72331e+00 
2.02911e-01 3.71788e+00 
2.03222e-01 3.71237e+00 
2.03535e-01 3.70684e+00 
2.03847e-01 3.70136e+00 
2.04160e-01 3.69592e+00 
2.04474e-01 3.69033e+00 
2.04788e-01 3.68494e+00 
2.05103e-01 3.67946e+00 
2.05418e-01 3.67384e+00 
2.05733e-01 3.66841e+00 
2.06049e-01 3.66286e+00 
2.06366e-01 3.65731e+00 
2.06683e-01 3.65180e+00 
2.07001e-01 3.64634e+00 
2.07319e-01 3.64076e+00 
2.07637e-01 3.63521e+00 
2.07956e-01 3.62967e+00 
2.08275e-01 3.62418e+00 
2.08595e-01 3.61855e+00 
2.08916e-01 3.61309e+00 
2.09237e-01 3.60753e+00 
2.09558e-01 3.60204e+00 
2.09880e-01 3.59641e+00 
2.10203e-01 3.59076e+00 
2.10525e-01 3.58532e+00 
2.10849e-01 3.57978e+00 
2.11173e-01 3.57410e+00 
2.11497e-01 3.56860e+00 
2.11822e-01 3.56299e+00 
2.12147e-01 3.55740e+00 
2.12473e-01 3.55182e+00 
2.12800e-01 3.54629e+00 
2.13127e-01 3.54065e+00 
2.13454e-01 3.53504e+00 
2.13782e-01 3.52943e+00 
2.14110e-01 3.52384e+00 
2.14439e-01 3.51831e+00 
2.14769e-01 3.51265e+00 
2.15099e-01 3.50701e+00 
2.15429e-01 3.50140e+00 
2.15760e-01 3.49580e+00 
2.16091e-01 3.49026e+00 
2.16423e-01 3.48460e+00 
2.16756e-01 3.47894e+00 
2.17089e-01 3.47332e+00 
2.17422e-01 3.46774e+00 
2.17756e-01 3.46201e+00 
2.18091e-01 3.45646e+00 
2.18426e-01 3.45080e+00 
2.18762e-01 3.44516e+00 
2.19098e-01 3.43956e+00 
2.19434e-01 3.43383e+00 
2.19771e-01 3.42827e+00 
2.20109e-01 3.42259e+00 
2.20447e-01 3.41693e+00 
2.20786e-01 3.41132e+00 
2.21125e-01 3.40556e+00 
2.21464e-01 3.40000e+00 
2.21805e-01 3.39429e+00 
2.22145e-01 3.38862e+00 
2.22487e-01 3.38295e+00 
2.22828e-01 3.37734e+00 
2.23171e-01 3.37157e+00 
2.23514e-01 3.36599e+00 
2.23857e-01 3.36030e+00 
2.24201e-01 3.35462e+00 
2.24545e-01 3.34900e+00 
2.24890e-01 3.34322e+00 
2.25236e-01 3.33761e+00 
2.25582e-01 3.33190e+00 
2.25928e-01 3.32620e+00 
2.26275e-01 3.32052e+00 
2.26623e-01 3.31488e+00 
2.26971e-01 3.30909e+00 
2.27320e-01 3.30348e+00 
2.27669e-01 3.29777e+00 
2.28019e-01 3.29206e+00 
2.28369e-01 3.28641e+00 
2.28720e-01 3.28060e+00 
2.29071e-01 3.27497e+00 
2.29423e-01 3.26918e+00 
2.29776e-01 3.26357e+00 
2.30129e-01 3.25786e+00 
2.30482e-01 3.25221e+00 
2.30836e-01 3.24639e+00 
2.31191e-01 3.24075e+00 
2.31546e-01 3.23499e+00 
2.31902e-01 3.22921e+00 
2.32258e-01 3.22366e+00 
2.32615e-01 3.21781e+00 
2.32972e-01 3.21211e+00 
2.33330e-01 3.20645e+00 
2.33688e-01 3.20065e+00 
2.34047e-01 3.19503e+00 
2.34407e-01 3.18929e+00 
2.34767e-01 3.18356e+00 
2.35128e-01 3.17789e+00 
2.35489e-01 3.17207e+00 
2.35851e-01 3.16642e+00 
2.36213e-01 3.16066e+00 
2.36576e-01 3.15490e+00 
2.36939e-01 3.14916e+00 
2.37303e-01 3.14342e+00 
2.37668e-01 3.13770e+00 
2.38033e-01 3.13204e+00 
2.38398e-01 3.12622e+00 
2.38765e-01 3.12057e+00 
2.39131e-01 3.11483e+00 
2.39499e-01 3.10907e+00 
2.39867e-01 3.10334e+00 
2.40235e-01 3.09767e+00 
2.40604e-01 3.09183e+00 
2.40974e-01 3.08616e+00 
2.41344e-01 3.08035e+00 
2.41715e-01 3.07471e+00 
2.42086e-01 3.06897e+00 
2.42458e-01 3.06323e+00 
2.42831e-01 3.05754e+00 
2.43204e-01 3.05170e+00 
2.43577e-01 3.04603e+00 
2.43951e-01 3.04021e+00 
2.44326e-01 3.03457e+00 
2.44701e-01 3.02882e+00 
2.45077e-01 3.02307e+00 
2.45454e-01 3.01734e+00 
2.45831e-01 3.01165e+00 
2.46209e-01 3.00580e+00 
2.46587e-01 3.00014e+00 
2.46966e-01 2.99432e+00 
2.47345e-01 2.98868e+00 
2.47725e-01 2.98292e+00 
2.48105e-01 2.97718e+00 
2.48487e-01 2.97143e+00 
2.48868e-01 2.96572e+00 
2.49251e-01 2.96004e+00 
2.49634e-01 2.95421e+00 
2.50017e-01 2.94856e+00 
2.50401e-01 2.94279e+00 
2.50786e-01 2.93698e+00 
2.51171e-01 2.93138e+00 
2.51557e-01 2.92568e+00 
2.51943e-01 2.91982e+00 
2.52330e-01 2.91410e+00 
2.52718e-01 2.90840e+00 
2.53106e-01 2.90275e+00 
2.53495e-01 2.89696e+00 
2.53884e-01 2.89116e+00 
2.54275e-01 2.88553e+00 
2.54665e-01 2.87979e+00 
2.55056e-01 2.87406e+00 
2.55448e-01 2.86833e+00 
2.55841e-01 2.86262e+00 
2.56234e-01 2.85696e+00 
2.56627e-01 2.85115e+00 
2.57021e-01 2.84550e+00 
2.57416e-01 2.83970e+00 
2.57812e-01 2.83408e+00 
2.58208e-01 2.82834e+00 
2.58604e-01 2.82262e+00 
2.59002e-01 2.81688e+00 
2.59400e-01 2.81117e+00 
2.59798e-01 2.80547e+00 
2.60197e-01 2.79978e+00 
2.60597e-01 2.79414e+00 
2.60997e-01 2.78835e+00 
2.61398e-01 2.78273e+00 
2.61800e-01 2.77697e+00 
2.62202e-01 2.77120e+00 
2.62605e-01 2.76561e+00 
2.63008e-01 2.75990e+00 
2.63412e-01 2.75420e+00 
2.63817e-01 2.74850e+00 
2.64222e-01 2.74283e+00 
2.64628e-01 2.73719e+00 
2.65035e-01 2.73139e+00 
2.65442e-01 2.72574e+00 
2.65849e-01 2.72015e+00 
2.66258e-01 2.71442e+00 
2.66667e-01 2.70866e+00 
2.67077e-01 2.70308e+00 
2.67487e-01 2.69739e+00 
2.67898e-01 2.69170e+00 
2.68309e-01 2.68602e+00 
2.68721e-01 2.68035e+00 
2.69134e-01 2.67468e+00 
2.69548e-01 2.66902e+00 
2.69962e-01 2.66338e+00 
2.70376e-01 2.65779e+00 
2.70792e-01 2.65203e+00 
2.71208e-01 2.64645e+00 
2.71624e-01 2.64072e+00 
2.72042e-01 2.63514e+00 
2.72460e-01 2.62942e+00 
2.72878e-01 2.62389e+00 
2.73297e-01 2.61824e+00 
2.73717e-01 2.61258e+00 
2.74138e-01 2.60693e+00 
2.74559e-01 2.60129e+00 
2.74981e-01 2.59566e+00 
2.75403e-01 2.59004e+00 
2.75826e-01 2.58444e+00 
2.76250e-01 2.57887e+00 
2.76674e-01 2.57314e+00 
2.77099e-01 2.56756e+00 
2.77525e-01 2.56202e+00 
2.77951e-01 2.55632e+00 
2.78378e-01 2.55080e+00 
2.78806e-01 2.54511e+00 
2.79234e-01 2.53962e+00 
2.79663e-01 2.53399e+00 
2.80093e-01 2.52836e+00 
2.80523e-01 2.52271e+00 
2.80954e-01 2.51724e+00 
2.81386e-01 2.51165e+00 
2.81818e-01 2.50607e+00 
2.82251e-01 2.50049e+00 
2.82684e-01 2.49494e+00 
2.83119e-01 2.48941e+00 
2.83554e-01 2.48373e+00 
2.83989e-01 2.47818e+00 
2.84425e-01 2.47265e+00 
2.84862e-01 2.46716e+00 
2.85300e-01 2.46150e+00 
2.85738e-01 2.45599e+00 
2.86177e-01 2.45052e+00 
2.86617e-01 2.44489e+00 
2.87057e-01 2.43944e+00 
2.87498e-01 2.43383e+00 
2.87940e-01 2.42839e+00 
2.88382e-01 2.42283e+00 
2.88825e-01 2.41725e+00 
2.89269e-01 2.41183e+00 
2.89713e-01 2.40631e+00 
2.90158e-01 2.40078e+00 
2.90604e-01 2.39526e+00 
2.91050e-01 2.38974e+00 
2.91498e-01 2.38418e+00 
2.91945e-01 2.37882e+00 
2.92394e-01 2.37333e+00 
2.92843e-01 2.36785e+00 
2.93293e-01 2.36239e+00 
2.93743e-01 2.35697e+00 
2.94195e-01 2.35137e+00 
2.94647e-01 2.34591e+00 
2.95099e-01 2.34047e+00 
2.95553e-01 2.33503e+00 
2.96007e-01 2.32963e+00 
2.96461e-01 2.32408e+00 
2.96917e-01 2.31865e+00 
2.97373e-01 2.31325e+00 
2.97830e-01 2.30788e+00 
2.98287e-01 2.30236e+00 
2.98745e-01 2.29701e+00 
2.99204e-01 2.29149e+00 
2.99664e-01 2.28611e+00 
3.00124e-01 2.28078e+00 
3.00585e-01 2.27530e+00 
3.01047e-01 2.26998e+00 
3.01510e-01 2.26450e+00 
3.01973e-01 2.25921e+00 
3.02437e-01 2.25378e+00 
3.02901e-01 2.24832e+00 
3.03367e-01 2.24303e+00 
3.03833e-01 2.23759e+00 
3.04299e-01 2.23233e+00 
3.04767e-01 2.22693e+00 
3.05235e-01 2.22151e+00 
3.05704e-01 2.21626e+00 
3.06174e-01 2.21090e+00 
3.06644e-01 2.20553e+00 
3.07115e-01 2.20013e+00 
3.07587e-01 2.19491e+00 
3.08059e-01 2.18957e+00 
3.08533e-01 2.18422e+00 
3.09007e-01 2.17884e+00 
3.09481e-01 2.17366e+00 
3.09957e-01 2.16834e+00 
3.10433e-01 2.16302e+00 
3.10910e-01 2.15771e+00 
3.11387e-01 2.15237e+00 
3.11866e-01 2.14721e+00 
3.12345e-01 2.14193e+00 
3.12825e-01 2.13665e+00 
3.13305e-01 2.13138e+00 
3.13786e-01 2.12611e+00 
3.14268e-01 2.12085e+00 
3.14751e-01 2.11558e+00 
3.15235e-01 2.11029e+00 
3.15719e-01 2.10518e+00 
3.16204e-01 2.09994e+00 
3.16690e-01 2.09472e+00 
3.17176e-01 2.08950e+00 
3.17664e-01 2.08428e+00 
3.18152e-01 2.07907e+00 
3.18640e-01 2.07387e+00 
3.19130e-01 2.06866e+00 
3.19620e-01 2.06347e+00 
3.20111e-01 2.05827e+00 
3.20603e-01 2.05304e+00 
3.21095e-01 2.04800e+00 
3.21589e-01 2.04283e+00 
3.22083e-01 2.03767e+00 
3.22577e-01 2.03252e+00 
3.23073e-01 2.02737e+00 
3.23569e-01 2.02223e+00 
3.24066e-01 2.01709e+00 
3.24564e-01 2.01195e+00 
3.25063e-01 2.00681e+00 
3.25562e-01 2.00165e+00 
3.26062e-01 1.99667e+00 
3.26563e-01 1.99156e+00 
3.27065e-01 1.98646e+00 
3.27567e-01 1.98137e+00 
3.28070e-01 1.97627e+00 
3.28574e-01 1.97118e+00 
3.29079e-01 1.96605e+00 
3.29585e-01 1.96111e+00 
3.30091e-01 1.95605e+00 
3.30598e-01 1.95099e+00 
3.31106e-01 1.94592e+00 
3.31615e-01 1.94083e+00 
3.32124e-01 1.93592e+00 
3.32634e-01 1.93088e+00 
3.33145e-01 1.92585e+00 
3.33657e-01 1.92082e+00 
3.34170e-01 1.91575e+00 
3.34683e-01 1.91086e+00 
3.35197e-01 1.90585e+00 
3.35712e-01 1.90080e+00 
3.36228e-01 1.89594e+00 
3.36744e-01 1.89094e+00 
3.37262e-01 1.88591e+00 
3.37780e-01 1.88106e+00 
3.38299e-01 1.87609e+00 
3.38818e-01 1.87108e+00 
3.39339e-01 1.86625e+00 
3.39860e-01 1.86128e+00 
3.40382e-01 1.85629e+00 
3.40905e-01 1.85147e+00 
3.41429e-01 1.84649e+00 
3.41953e-01 1.84168e+00 
3.42479e-01 1.83671e+00 
3.43005e-01 1.83191e+00 
3.43532e-01 1.82695e+00 
3.44059e-01 1.82217e+00 
3.44588e-01 1.81722e+00 
3.45117e-01 1.81245e+00 
3.45647e-01 1.80751e+00 
3.46178e-01 1.80271e+00 
3.46710e-01 1.79795e+00 
3.47243e-01 1.79302e+00 
3.47776e-01 1.78824e+00 
3.48310e-01 1.78351e+00 
3.48846e-01 1.77860e+00 
3.49381e-01 1.77384e+00 
3.49918e-01 1.76911e+00 
3.50456e-01 1.76422e+00 
3.50994e-01 1.75947e+00 
3.51533e-01 1.75473e+00 
3.52073e-01 1.75000e+00 
3.52614e-01 1.74531e+00 
3.53156e-01 1.74044e+00 
3.53698e-01 1.73572e+00 
3.54242e-01 1.73099e+00 
3.54786e-01 1.72628e+00 
3.55331e-01 1.72158e+00 
3.55877e-01 1.71688e+00 
3.56423e-01 1.71219e+00 
3.56971e-01 1.70750e+00 
3.57519e-01 1.70282e+00 
3.58069e-01 1.69814e+00 
3.58619e-01 1.69348e+00 
3.59170e-01 1.68881e+00 
3.59721e-01 1.68416e+00 
3.60274e-01 1.67950e+00 
3.60827e-01 1.67485e+00 
3.61382e-01 1.67016e+00 
3.61937e-01 1.66566e+00 
3.62493e-01 1.66103e+00 
3.63050e-01 1.65640e+00 
3.63607e-01 1.65174e+00 
3.64166e-01 1.64726e+00 
3.64725e-01 1.64265e+00 
3.65286e-01 1.63801e+00 
3.65847e-01 1.63355e+00 
3.66409e-01 1.62896e+00 
3.66972e-01 1.62434e+00 
3.67536e-01 1.61990e+00 
3.68100e-01 1.61533e+00 
3.68666e-01 1.61073e+00 
3.69232e-01 1.60630e+00 
3.69799e-01 1.60171e+00 
3.70367e-01 1.59728e+00 
3.70936e-01 1.59270e+00 
3.71506e-01 1.58825e+00 
3.72077e-01 1.58385e+00 
3.72648e-01 1.57930e+00 
3.73221e-01 1.57491e+00 
3.73794e-01 1.57036e+00 
3.74368e-01 1.56595e+00 
3.74943e-01 1.56158e+00 
3.75519e-01 1.55705e+00 
3.76096e-01 1.55265e+00 
3.76674e-01 1.54826e+00 
3.77253e-01 1.54392e+00 
3.77832e-01 1.53941e+00 
3.78413e-01 1.53503e+00 
3.78994e-01 1.53067e+00 
3.79576e-01 1.52631e+00 
3.80159e-01 1.52196e+00 
3.80743e-01 1.51761e+00 
3.81328e-01 1.51329e+00 
3.81914e-01 1.50900e+00 
3.82501e-01 1.50454e+00 
3.83088e-01 1.50022e+00 
3.83677e-01 1.49590e+00 
3.84266e-01 1.49159e+00 
3.84857e-01 1.48724e+00 
3.85448e-01 1.48308e+00 
3.86040e-01 1.47880e+00 
3.86633e-01 1.47452e+00 
3.87227e-01 1.47025e+00 
3.87822e-01 1.46599e+00 
3.88418e-01 1.46173e+00 
3.89014e-01 1.45748e+00 
3.89612e-01 1.45323e+00 
3.90210e-01 1.44895e+00 
3.90810e-01 1.44485e+00 
3.91410e-01 1.44063e+00 
3.92011e-01 1.43641e+00 
3.92614e-01 1.43215e+00 
3.93217e-01 1.42808e+00 
3.93821e-01 1.42388e+00 
3.94426e-01 1.41965e+00 
3.95032e-01 1.41560e+00 
3.95639e-01 1.41143e+00 
3.96246e-01 1.40722e+00 
3.96855e-01 1.40320e+00 
3.97465e-01 1.39904e+00 
3.98075e-01 1.39486e+00 
3.98687e-01 1.39085e+00 
3.99299e-01 1.38672e+00 
3.99913e-01 1.38256e+00 
4.00527e-01 1.37857e+00 
4.01142e-01 1.37442e+00 
4.01759e-01 1.37044e+00 
4.02376e-01 1.36631e+00 
4.02994e-01 1.36235e+00 
4.03613e-01 1.35824e+00 
4.04233e-01 1.35430e+00 
4.04854e-01 1.35020e+00 
4.05476e-01 1.34627e+00 
4.06099e-01 1.34219e+00 
4.06723e-01 1.33828e+00 
4.07347e-01 1.33422e+00 
4.07973e-01 1.33032e+00 
4.08600e-01 1.32627e+00 
4.09228e-01 1.32239e+00 
4.09856e-01 1.31836e+00 
4.10486e-01 1.31450e+00 
4.11117e-01 1.31048e+00 
4.11748e-01 1.30663e+00 
4.12381e-01 1.30262e+00 
4.13014e-01 1.29876e+00 
4.13649e-01 1.29494e+00 
4.14284e-01 1.29097e+00 
4.14920e-01 1.28717e+00 
4.15558e-01 1.28321e+00 
4.16196e-01 1.27943e+00 
4.16836e-01 1.27549e+00 
4.17476e-01 1.27172e+00 
4.18117e-01 1.26780e+00 
4.18760e-01 1.26405e+00 
4.19403e-01 1.26013e+00 
4.20047e-01 1.25637e+00 
4.20692e-01 1.25265e+00 
4.21339e-01 1.24877e+00 
4.21986e-01 1.24507e+00 
4.22634e-01 1.24124e+00 
4.23284e-01 1.23748e+00 
4.23934e-01 1.23371e+00 
4.24585e-01 1.22996e+00 
4.25237e-01 1.22623e+00 
4.25890e-01 1.22250e+00 
4.26545e-01 1.21877e+00 
4.27200e-01 1.21505e+00 
4.27856e-01 1.21136e+00 
4.28514e-01 1.20766e+00 
4.29172e-01 1.20398e+00 
4.29831e-01 1.20029e+00 
4.30491e-01 1.19662e+00 
4.31153e-01 1.19295e+00 
4.31815e-01 1.18931e+00 
4.32478e-01 1.18567e+00 
4.33143e-01 1.18203e+00 
4.33808e-01 1.17840e+00 
4.34475e-01 1.17479e+00 
4.35142e-01 1.17118e+00 
4.35811e-01 1.16757e+00 
4.36480e-01 1.16399e+00 
4.37151e-01 1.16040e+00 
4.37822e-01 1.15683e+00 
4.38495e-01 1.15327e+00 
4.39168e-01 1.14970e+00 
4.39843e-01 1.14616e+00 
4.40519e-01 1.14262e+00 
4.41195e-01 1.13909e+00 
4.41873e-01 1.13558e+00 
4.42552e-01 1.13206e+00 
4.43232e-01 1.12856e+00 
4.43913e-01 1.12505e+00 
4.44595e-01 1.12157e+00 
4.45278e-01 1.11810e+00 
4.45962e-01 1.11462e+00 
4.46647e-01 1.11116e+00 
4.47333e-01 1.10771e+00 
4.48020e-01 1.10428e+00 
4.48708e-01 1.10085e+00 
4.49398e-01 1.09741e+00 
4.50088e-01 1.09399e+00 
4.50779e-01 1.09059e+00 
4.51472e-01 1.08720e+00 
4.52165e-01 1.08380e+00 
4.52860e-01 1.08042e+00 
4.53556e-01 1.07705e+00 
4.54253e-01 1.07368e+00 
4.54950e-01 1.07033e+00 
4.55649e-01 1.06699e+00 
4.56349e-01 1.06364e+00 
4.57050e-01 1.06032e+00 
4.57752e-01 1.05700e+00 
4.58456e-01 1.05368e+00 
4.59160e-01 1.05039e+00 
4.59865e-01 1.04709e+00 
4.60572e-01 1.04380e+00 
4.61279e-01 1.04052e+00 
4.61988e-01 1.03727e+00 
4.62698e-01 1.03399e+00 
4.63408e-01 1.03074e+00 
4.64120e-01 1.02751e+00 
4.64833e-01 1.02428e+00 
4.65547e-01 1.02105e+00 
4.66262e-01 1.01783e+00 
4.66979e-01 1.01462e+00 
4.67696e-01 1.01143e+00 
4.68415e-01 1.00823e+00 
4.69134e-01 1.00505e+00 
4.69855e-01 1.00188e+00 
4.70577e-01 9.98721e-01 
4.71300e-01 9.95559e-01 
4.72024e-01 9.92422e-01 
4.72749e-01 9.89273e-01 
4.73475e-01 9.86145e-01 
4.74202e-01 9.83020e-01 
4.74931e-01 9.79917e-01 
4.75660e-01 9.76809e-01 
4.76391e-01 9.73721e-01 
4.77123e-01 9.70624e-01 
4.77856e-01 9.67549e-01 
4.78590e-01 9.64481e-01 
4.79325e-01 9.61421e-01 
4.80061e-01 9.58370e-01 
4.80799e-01 9.55324e-01 
4.81538e-01 9.52288e-01 
4.82277e-01 9.49262e-01 
4.83018e-01 9.46242e-01 
4.83760e-01 9.43230e-01 
4.84503e-01 9.40223e-01 
4.85248e-01 9.37242e-01 
4.85993e-01 9.34262e-01 
4.86740e-01 9.31273e-01 
4.87487e-01 9.28308e-01 
4.88236e-01 9.25350e-01 
4.88986e-01 9.22405e-01 
4.89737e-01 9.19455e-01 
4.90490e-01 9.16528e-01 
4.91243e-01 9.13601e-01 
4.91998e-01 9.10683e-01 
4.92754e-01 9.07775e-01 
4.93511e-01 9.04882e-01 
4.94269e-01 9.01985e-01 
4.95028e-01 8.99099e-01 
4.95789e-01 8.96222e-01 
4.96550e-01 8.93364e-01 
4.97313e-01 8.90500e-01 
4.98077e-01 8.87646e-01 
4.98842e-01 8.84805e-01 
4.99608e-01 8.81979e-01 
5.00376e-01 8.79153e-01 
5.01145e-01 8.76341e-01 
5.01914e-01 8.73530e-01 
5.02686e-01 8.70730e-01 
5.03458e-01 8.67929e-01 
5.04231e-01 8.65161e-01 
5.05006e-01 8.62378e-01 
5.05782e-01 8.59607e-01 
5.06559e-01 8.56852e-01 
5.07337e-01 8.54097e-01 
5.08116e-01 8.51361e-01 
5.08897e-01 8.48622e-01 
5.09678e-01 8.45905e-01 
5.10461e-01 8.43187e-01 
5.11246e-01 8.40470e-01 
5.12031e-01 8.37773e-01 
5.12818e-01 8.35074e-01 
5.13605e-01 8.32396e-01 
5.14394e-01 8.29722e-01 
5.15185e-01 8.27052e-01 
5.15976e-01 8.24385e-01 
5.16769e-01 8.21735e-01 
5.17562e-01 8.19092e-01 
5.18358e-01 8.16449e-01 
5.19154e-01 8.13826e-01 
5.19951e-01 8.11213e-01 
5.20750e-01 8.08586e-01 
5.21550e-01 8.05994e-01 
5.22351e-01 8.03397e-01 
5.23154e-01 8.00802e-01 
5.23957e-01 7.98232e-01 
5.24762e-01 7.95652e-01 
5.25568e-01 7.93094e-01 
5.26376e-01 7.90528e-01 
5.27184e-01 7.87983e-01 
5.27994e-01 7.85448e-01 
5.28805e-01 7.82905e-01 
5.29618e-01 7.80383e-01 
5.30431e-01 7.77873e-01 
5.31246e-01 7.75356e-01 
5.32062e-01 7.72863e-01 
5.32880e-01 7.70365e-01 
5.33698e-01 7.67878e-01 
5.34518e-01 7.65398e-01 
5.35339e-01 7.62930e-01 
5.36162e-01 7.60472e-01 
5.36985e-01 7.58008e-01 
5.37810e-01 7.55572e-01 
5.38636e-01 7.53136e-01 
5.39464e-01 7.50691e-01 
5.40293e-01 7.48275e-01 
5.41123e-01 7.45856e-01 
5.41954e-01 7.43454e-01 
5.42786e-01 7.41049e-01 
5.43620e-01 7.38654e-01 
5.44455e-01 7.36276e-01 
5.45292e-01 7.33897e-01 
5.46129e-01 7.31514e-01 
5.46968e-01 7.29161e-01 
5.47809e-01 7.26810e-01 
5.48650e-01 7.24462e-01 
5.49493e-01 7.22109e-01 
5.50337e-01 7.19790e-01 
5.51183e-01 7.17457e-01 
5.52029e-01 7.15138e-01 
5.52877e-01 7.12840e-01 
5.53727e-01 7.10527e-01 
5.54577e-01 7.08230e-01 
5.55429e-01 7.05953e-01 
5.56283e-01 7.03663e-01 
5.57137e-01 7.01391e-01 
5.57993e-01 6.99122e-01 
5.58850e-01 6.96874e-01 
5.59709e-01 6.94615e-01 
5.60569e-01 6.92373e-01 
5.61430e-01 6.90139e-01 
5.62292e-01 6.87911e-01 
5.63156e-01 6.85691e-01 
5.64021e-01 6.83475e-01 
5.64887e-01 6.81267e-01 
5.65755e-01 6.79064e-01 
5.66624e-01 6.76865e-01 
5.67495e-01 6.74690e-01 
5.68367e-01 6.72509e-01 
5.69240e-01 6.70336e-01 
5.70114e-01 6.68173e-01 
5.70990e-01 6.66020e-01 
5.71867e-01 6.63859e-01 
5.72746e-01 6.61721e-01 
5.73626e-01 6.59578e-01 
5.74507e-01 6.57463e-01 
5.75389e-01 6.55327e-01 
5.76273e-01 6.53215e-01 
5.77158e-01 6.51115e-01 
5.78045e-01 6.49015e-01 
5.78933e-01 6.46909e-01 
5.79822e-01 6.44831e-01 
5.80713e-01 6.42753e-01 
5.81605e-01 6.40674e-01 
5.82499e-01 6.38602e-01 
5.83394e-01 6.36548e-01 
5.84290e-01 6.34491e-01 
5.85187e-01 6.32451e-01 
5.86086e-01 6.30413e-01 
5.86987e-01 6.28372e-01 
5.87888e-01 6.26344e-01 
5.88792e-01 6.24336e-01 
5.89696e-01 6.22314e-01 
5.90602e-01 6.20306e-01 
5.91509e-01 6.18317e-01 
5.92418e-01 6.16317e-01 
5.93328e-01 6.14333e-01 
5.94239e-01 6.12353e-01 
5.95152e-01 6.10373e-01 
5.96067e-01 6.08411e-01 
5.96982e-01 6.06460e-01 
5.97899e-01 6.04497e-01 
5.98818e-01 6.02552e-01 
5.99738e-01 6.00612e-01 
6.00659e-01 5.98679e-01 
6.01582e-01 5.96752e-01 
6.02506e-01 5.94831e-01 
6.03432e-01 5.92917e-01 
6.04359e-01 5.91013e-01 
6.05287e-01 5.89101e-01 
6.06217e-01 5.87211e-01 
6.07148e-01 5.85312e-01 
6.08081e-01 5.83439e-01 
6.09015e-01 5.81560e-01 
6.09950e-01 5.79693e-01 
6.10887e-01 5.77817e-01 
6.11826e-01 5.75968e-01 
6.12766e-01 5.74118e-01 
6.13707e-01 5.72260e-01 
6.14650e-01 5.70429e-01 
6.15594e-01 5.68597e-01 
6.16540e-01 5.66763e-01 
6.17487e-01 5.64938e-01 
6.18436e-01 5.63129e-01 
6.19386e-01 5.61320e-01 
6.20337e-01 5.59509e-01 
6.21290e-01 5.57707e-01 
6.22244e-01 5.55922e-01 
6.23200e-01 5.54140e-01 
6.24158e-01 5.52359e-01 
6.25117e-01 5.50577e-01 
6.26077e-01 5.48811e-01 
6.27039e-01 5.47049e-01 
6.28002e-01 5.45285e-01 
6.28967e-01 5.43537e-01 
6.29933e-01 5.41796e-01 
6.30901e-01 5.40058e-01 
6.31870e-01 5.38324e-01 
6.32840e-01 5.36595e-01 
6.33813e-01 5.34871e-01 
6.34786e-01 5.33151e-01 
6.35761e-01 5.31432e-01 
6.36738e-01 5.29738e-01 
6.37716e-01 5.28034e-01 
6.38696e-01 5.26338e-01 
6.39677e-01 5.24649e-01 
6.40660e-01 5.22969e-01 
6.41644e-01 5.21278e-01 
6.42630e-01 5.19612e-01 
6.43617e-01 5.17938e-01 
6.44606e-01 5.16274e-01 
6.45596e-01 5.14616e-01 
6.46588e-01 5.12970e-01 
6.47581e-01 5.11320e-01 
6.48576e-01 5.09683e-01 
6.49572e-01 5.08039e-01 
6.50570e-01 5.06407e-01 
6.51569e-01 5.04786e-01 
6.52570e-01 5.03166e-01 
6.53573e-01 5.01537e-01 
6.54577e-01 4.99941e-01 
6.55582e-01 4.98328e-01 
6.56589e-01 4.96729e-01 
6.57598e-01 4.95128e-01 
6.58608e-01 4.93542e-01 
6.59620e-01 4.91957e-01 
6.60633e-01 4.90375e-01 
6.61648e-01 4.88792e-01 
6.62665e-01 4.87222e-01 
6.63683e-01 4.85657e-01 
6.64702e-01 4.84094e-01 
6.65723e-01 4.82531e-01 
6.66746e-01 4.80988e-01 
6.67770e-01 4.79433e-01 
6.68796e-01 4.77899e-01 
6.69823e-01 4.76356e-01 
6.70852e-01 4.74814e-01 
6.71883e-01 4.73292e-01 
6.72915e-01 4.71764e-01 
6.73949e-01 4.70236e-01 
6.74984e-01 4.68731e-01 
6.76021e-01 4.67222e-01 
6.77060e-01 4.65703e-01 
6.78100e-01 4.64207e-01 
6.79141e-01 4.62705e-01 
6.80185e-01 4.61208e-01 
6.81230e-01 4.59723e-01 
6.82276e-01 4.58228e-01 
6.83324e-01 4.56761e-01 
6.84374e-01 4.55277e-01 
6.85425e-01 4.53800e-01 
6.86478e-01 4.52335e-01 
6.87533e-01 4.50864e-01 
6.88589e-01 4.49407e-01 
6.89647e-01 4.47947e-01 
6.90706e-01 4.46498e-01 
6.91767e-01 4.45050e-01 
6.92830e-01 4.43598e-01 
6.93894e-01 4.42161e-01 
6.94960e-01 4.40725e-01 
6.96028e-01 4.39284e-01 
6.97097e-01 4.37859e-01 
6.98168e-01 4.36435e-01 
6.99241e-01 4.35015e-01 
7.00315e-01 4.33596e-01 
7.01391e-01 4.32178e-01 
7.02468e-01 4.30761e-01 
7.03547e-01 4.29363e-01 
7.04628e-01 4.27955e-01 
7.05710e-01 4.26546e-01 
7.06795e-01 4.25159e-01 
7.07880e-01 4.23761e-01 
7.08968e-01 4.22367e-01 
7.10057e-01 4.20979e-01 
7.11148e-01 4.19593e-01 
7.12240e-01 4.18213e-01 
7.13334e-01 4.16843e-01 
7.14430e-01 4.15464e-01 
7.15528e-01 4.14090e-01 
7.16627e-01 4.12727e-01 
7.17728e-01 4.11351e-01 
7.18830e-01 4.10004e-01 
7.19935e-01 4.08633e-01 
7.21040e-01 4.07288e-01 
7.22148e-01 4.05921e-01 
7.23258e-01 4.04578e-01 
7.24369e-01 4.03234e-01 
7.25481e-01 4.01884e-01 
7.26596e-01 4.00544e-01 
7.27712e-01 3.99201e-01 
7.28830e-01 3.97869e-01 
7.29950e-01 3.96537e-01 
7.31071e-01 3.95205e-01 
7.32194e-01 3.93867e-01 
7.33319e-01 3.92543e-01 
7.34445e-01 3.91215e-01 
7.35574e-01 3.89905e-01 
7.36704e-01 3.88579e-01 
7.37835e-01 3.87271e-01 
7.38969e-01 3.85946e-01 
7.40104e-01 3.84636e-01 
7.41241e-01 3.83329e-01 
7.42380e-01 3.82025e-01 
7.43520e-01 3.80708e-01 
7.44662e-01 3.79404e-01 
7.45806e-01 3.78105e-01 
7.46952e-01 3.76811e-01 
7.48099e-01 3.75504e-01 
7.49249e-01 3.74216e-01 
7.50400e-01 3.72920e-01 
7.51552e-01 3.71627e-01 
7.52707e-01 3.70342e-01 
7.53863e-01 3.69047e-01 
7.55021e-01 3.67755e-01 
7.56181e-01 3.66469e-01 
7.57343e-01 3.65190e-01 
7.58506e-01 3.63905e-01 
7.59671e-01 3.62628e-01 
7.60838e-01 3.61344e-01 
7.62007e-01 3.60068e-01 
7.63178e-01 3.58784e-01 
7.64350e-01 3.57506e-01 
7.65524e-01 3.56242e-01 
7.66700e-01 3.54956e-01 
7.67878e-01 3.53696e-01 
7.69058e-01 3.52417e-01 
7.70239e-01 3.51148e-01 
7.71423e-01 3.49874e-01 
7.72608e-01 3.48615e-01 
7.73795e-01 3.47337e-01 
7.74983e-01 3.46071e-01 
7.76174e-01 3.44800e-01 
7.77366e-01 3.43545e-01 
7.78560e-01 3.42272e-01 
7.79756e-01 3.41014e-01 
7.80954e-01 3.39740e-01 
7.82154e-01 3.38478e-01 
7.83355e-01 3.37216e-01 
7.84559e-01 3.35959e-01 
7.85764e-01 3.34684e-01 
7.86971e-01 3.33424e-01 
7.88180e-01 3.32167e-01 
7.89391e-01 3.30894e-01 
7.90604e-01 3.29640e-01 
7.91818e-01 3.28373e-01 
7.93035e-01 3.27108e-01 
7.94253e-01 3.25846e-01 
7.95473e-01 3.24588e-01 
7.96695e-01 3.23321e-01 
7.97919e-01 3.22054e-01 
7.99145e-01 3.20794e-01 
8.00372e-01 3.19523e-01 
8.01602e-01 3.18255e-01 
8.02833e-01 3.16994e-01 
8.04066e-01 3.15723e-01 
8.05302e-01 3.14458e-01 
8.06539e-01 3.13184e-01 
8.07778e-01 3.11917e-01 
8.09019e-01 3.10642e-01 
8.10262e-01 3.09373e-01 
8.11506e-01 3.08096e-01 
8.12753e-01 3.06828e-01 
8.14001e-01 3.05555e-01 
8.15252e-01 3.04276e-01 
8.16504e-01 3.02989e-01 
8.17759e-01 3.01710e-01 
8.19015e-01 3.00424e-01 
8.20273e-01 2.99152e-01 
8.21533e-01 2.97858e-01 
8.22795e-01 2.96573e-01 
8.24059e-01 2.95285e-01 
8.25325e-01 2.93993e-01 
8.26593e-01 2.92699e-01 
8.27863e-01 2.91397e-01 
8.29135e-01 2.90110e-01 
8.30408e-01 2.88806e-01 
8.31684e-01 2.87495e-01 
8.32962e-01 2.86200e-01 
8.34241e-01 2.84890e-01 
8.35523e-01 2.83576e-01 
8.36806e-01 2.82260e-01 
8.38092e-01 2.80943e-01 
8.39379e-01 2.79623e-01 
8.40669e-01 2.78306e-01 
8.41960e-01 2.76970e-01 
8.43254e-01 2.75650e-01 
8.44549e-01 2.74317e-01 
8.45846e-01 2.72986e-01 
8.47146e-01 2.71640e-01 
8.48447e-01 2.70294e-01 
8.49751e-01 2.68951e-01 
8.51056e-01 2.67593e-01 
8.52363e-01 2.66235e-01 
8.53673e-01 2.64880e-01 
8.54984e-01 2.63513e-01 
8.56298e-01 2.62148e-01 
8.57613e-01 2.60771e-01 
8.58930e-01 2.59399e-01 
8.60250e-01 2.58017e-01 
8.61571e-01 2.56621e-01 
8.62895e-01 2.55227e-01 
8.64221e-01 2.53840e-01 
8.65548e-01 2.52427e-01 
8.66878e-01 2.51016e-01 
8.68210e-01 2.49612e-01 
8.69543e-01 2.48184e-01 
8.70879e-01 2.46760e-01 
8.72217e-01 2.45328e-01 
8.73557e-01 2.43884e-01 
8.74899e-01 2.42450e-01 
8.76243e-01 2.40990e-01 
8.77589e-01 2.39540e-01 
8.78937e-01 2.38064e-01 
8.80287e-01 2.36597e-01 
8.81640e-01 2.35118e-01 
8.82994e-01 2.33631e-01 
8.84350e-01 2.32137e-01 
8.85709e-01 2.30633e-01 
8.87070e-01 2.29123e-01 
8.88432e-01 2.27605e-01 
8.89797e-01 2.26077e-01 
8.91164e-01 2.24542e-01 
8.92533e-01 2.22998e-01 
8.93904e-01 2.21444e-01 
8.95277e-01 2.19882e-01 
8.96653e-01 2.18310e-01 
8.98030e-01 2.16728e-01 
8.99410e-01 2.15134e-01 
9.00791e-01 2.13532e-01 
9.02175e-01 2.11919e-01 
9.03561e-01 2.10296e-01 
9.04949e-01 2.08660e-01 
9.06339e-01 2.07013e-01 
9.07732e-01 2.05355e-01 
9.09126e-01 2.03684e-01 
9.10523e-01 2.02001e-01 
9.11921e-01 2.00305e-01 
9.13322e-01 1.98597e-01 
9.14725e-01 1.96873e-01 
9.16131e-01 1.95137e-01 
9.17538e-01 1.93387e-01 
9.18947e-01 1.91621e-01 
9.20359e-01 1.89841e-01 
9.21773e-01 1.88045e-01 
9.23189e-01 1.86232e-01 
9.24607e-01 1.84403e-01 
9.26028e-01 1.82557e-01 
9.27450e-01 1.80692e-01 
9.28875e-01 1.78810e-01 
9.30302e-01 1.76908e-01 
9.31731e-01 1.74988e-01 
9.33162e-01 1.73047e-01 
9.34596e-01 1.71084e-01 
9.36032e-01 1.69100e-01 
9.37470e-01 1.67093e-01 
9.38910e-01 1.65064e-01 
9.40352e-01 1.63009e-01 
9.41797e-01 1.60931e-01 
9.43243e-01 1.58825e-01 
9.44692e-01 1.56692e-01 
9.46144e-01 1.54530e-01 
9.47597e-01 1.52340e-01 
9.49053e-01 1.50118e-01 
9.50511e-01 1.47864e-01 
9.51971e-01 1.45575e-01 
9.53433e-01 1.43251e-01 
9.54898e-01 1.40889e-01 
9.56365e-01 1.38489e-01 
9.57834e-01 1.36048e-01 
9.59306e-01 1.33560e-01 
9.60779e-01 1.31029e-01 
9.62255e-01 1.28448e-01 
9.63733e-01 1.25816e-01 
9.65214e-01 1.23127e-01 
9.66697e-01 1.20380e-01 
9.68182e-01 1.17570e-01 
9.69669e-01 1.14693e-01 
9.71159e-01 1.11742e-01 
9.72651e-01 1.08712e-01 
9.74145e-01 1.05596e-01 
9.75641e-01 1.02388e-01 
9.77140e-01 9.90768e-02 
9.78641e-01 9.56526e-02 
9.80144e-01 9.21021e-02 
9.81650e-01 8.84117e-02 
9.83158e-01 8.45617e-02 
9.84669e-01 8.05304e-02 
9.86181e-01 7.62894e-02 
9.87696e-01 7.18004e-02 
9.89213e-01 6.70166e-02 
9.90733e-01 6.18676e-02 
9.92255e-01 5.62577e-02 
9.93779e-01 5.00346e-02 
9.95306e-01 4.29419e-02 
9.96835e-01 3.44756e-02 
9.98366e-01 2.33498e-02 
9.99900e-01 1.89405e-03 
